[gd_scene load_steps=8 format=3 uid="uid://byj7c8lllvtv2"]

[ext_resource type="Script" uid="uid://2mhaylk6hj21" path="res://Crow/noosetop.gd" id="1_0756u"]

[sub_resource type="SphereShape3D" id="SphereShape3D_tx5ut"]
radius = 0.05

[sub_resource type="CylinderShape3D" id="CylinderShape3D_78wmc"]
custom_solver_bias = 0.009
height = 0.05
radius = 0.009

[sub_resource type="CylinderMesh" id="CylinderMesh_q4017"]
top_radius = 0.009
bottom_radius = 0.009
height = 0.05

[sub_resource type="StandardMaterial3D" id="StandardMaterial3D_5uwn6"]
albedo_color = Color(1, 0, 0, 1)

[sub_resource type="StandardMaterial3D" id="StandardMaterial3D_tx5ut"]
albedo_color = Color(0, 0.533333, 1, 1)

[sub_resource type="StandardMaterial3D" id="StandardMaterial3D_5hwkx"]
albedo_color = Color(1, 0, 0, 1)

[node name="StaticBody3D" type="CharacterBody3D"]
transform = Transform3D(1, 0, 0, 0, 0.771103, 0.636711, 0, -0.636711, 0.771103, 0, 0, 0)
script = ExtResource("1_0756u")

[node name="CollisionShape3D" type="CollisionShape3D" parent="."]
shape = SubResource("SphereShape3D_tx5ut")

[node name="NooseBone" type="RigidBody3D" parent="."]
transform = Transform3D(1, 0, 0, 0, -0.771102, 0.636711, 0, -0.636711, -0.771102, 0, -0.0543603, -0.0448861)

[node name="PinJoint3D" type="PinJoint3D" parent="NooseBone"]
transform = Transform3D(1, 0, 0, 0, -1, -8.74228e-08, 0, 8.74228e-08, -1, 0, -0.033, 0)
node_a = NodePath("../..")
node_b = NodePath("..")
params/bias = 0.06
params/damping = 0.46
params/impulse_clamp = 11.01

[node name="CollisionShape3D" type="CollisionShape3D" parent="NooseBone"]
shape = SubResource("CylinderShape3D_78wmc")

[node name="CSGMesh3D" type="CSGMesh3D" parent="NooseBone"]
mesh = SubResource("CylinderMesh_q4017")
material = SubResource("StandardMaterial3D_5uwn6")

[node name="NooseBone2" type="RigidBody3D" parent="."]
transform = Transform3D(1, 0, 0, 0, -0.771102, 0.636711, 0, -0.636711, -0.771102, 0, -0.0934746, -0.0771833)

[node name="PinJoint3D" type="PinJoint3D" parent="NooseBone2"]
transform = Transform3D(1, 0, 0, 0, -1, -8.74228e-08, 0, 8.74228e-08, -1, 0, -0.0232519, 2.03275e-09)
node_a = NodePath("../../NooseBone")
node_b = NodePath("..")
params/damping = 0.46

[node name="CollisionShape3D" type="CollisionShape3D" parent="NooseBone2"]
shape = SubResource("CylinderShape3D_78wmc")

[node name="CSGMesh3D" type="CSGMesh3D" parent="NooseBone2"]
mesh = SubResource("CylinderMesh_q4017")
material = SubResource("StandardMaterial3D_tx5ut")

[node name="NooseBone3" type="RigidBody3D" parent="."]
transform = Transform3D(1, 0, 0, 0, -0.771102, 0.636711, 0, -0.636711, -0.771102, 0, -0.131545, -0.108618)

[node name="PinJoint3D" type="PinJoint3D" parent="NooseBone3"]
transform = Transform3D(1, 0, 0, 0, -1, -8.74228e-08, 0, 8.74228e-08, -1, 0, -0.0232519, 2.03275e-09)
node_a = NodePath("../../NooseBone2")
node_b = NodePath("..")
params/damping = 0.46

[node name="CollisionShape3D" type="CollisionShape3D" parent="NooseBone3"]
shape = SubResource("CylinderShape3D_78wmc")

[node name="CSGMesh3D" type="CSGMesh3D" parent="NooseBone3"]
mesh = SubResource("CylinderMesh_q4017")
material = SubResource("StandardMaterial3D_5hwkx")
