[gd_scene load_steps=25 format=3 uid="uid://bvyu35md1spyq"]

[ext_resource type="Script" uid="uid://cu6d8y2wq0bwv" path="res://addons/fsm_template/Player/Scripts/Model.gd" id="1_8c8pa"]
[ext_resource type="Script" uid="uid://dybfxryljd88n" path="res://addons/fsm_template/Player/Scripts/States/Landing.gd" id="2_isc21"]
[ext_resource type="Script" uid="uid://lav06o80f3pf" path="res://addons/fsm_template/Player/Scripts/States/Midair.gd" id="3_isc21"]
[ext_resource type="Script" uid="uid://cy8y8xuvlv7u0" path="res://Player/Interact.gd" id="7_y5m0o"]
[ext_resource type="Script" uid="uid://dxo2c4mhboi4u" path="res://addons/fsm_template/interacting.gd" id="8_6j6ha"]
[ext_resource type="Animation" uid="uid://bnbaluyo5y41o" path="res://Player/Anims/Idle.tres" id="8_mpwvt"]
[ext_resource type="Animation" uid="uid://pt2ixafiggls" path="res://Player/Anims/Pick_object.tres" id="9_jqxnw"]
[ext_resource type="Script" uid="uid://boasegccwblq5" path="res://addons/fsm_template/pills_state.gd" id="10_4wqor"]
[ext_resource type="Animation" uid="uid://cenbr7m5cnrju" path="res://Player/Anims/Run.tres" id="10_e2mwv"]
[ext_resource type="Script" uid="uid://dngop7387bxuv" path="res://Ables/Flashlight/Flashlight_state.gd" id="10_q2lvs"]
[ext_resource type="Animation" uid="uid://cph8joermtlef" path="res://Player/Anims/Walking.tres" id="11_egjqv"]
[ext_resource type="Script" uid="uid://bahb0xu7iruyg" path="res://addons/fsm_template/Downcast.gd" id="11_ossvb"]
[ext_resource type="Script" uid="uid://2kxa3t55e673" path="res://addons/fsm_template/Player/Scripts/States/State.gd" id="11_vircm"]
[ext_resource type="Script" uid="uid://b6hi6mxa3cvpy" path="res://addons/fsm_template/hidden.gd" id="12_1bops"]
[ext_resource type="Animation" uid="uid://pkjudnjwfovo" path="res://Player/Anims/in_air.tres" id="13_egjqv"]
[ext_resource type="Animation" uid="uid://d3c53x4kqve6u" path="res://Player/Anims/landing.tres" id="14_6j6ha"]
[ext_resource type="Script" uid="uid://cruoxgtgcsr51" path="res://addons/fsm_template/Player/Scripts/States/Idle.gd" id="14_rmgmm"]
[ext_resource type="Script" uid="uid://47qng0jxpj38" path="res://addons/fsm_template/Player/Scripts/States/Run.gd" id="15_61er6"]
[ext_resource type="Script" uid="uid://bshmfha7dgv6b" path="res://addons/fsm_template/open_door.gd" id="16_y5m0o"]
[ext_resource type="PackedScene" uid="uid://d0tlivjqck1nf" path="res://Inventory/inventory.tscn" id="17_63g1w"]
[ext_resource type="PackedScene" uid="uid://b7aoi0qc2ixig" path="res://Photobook/photobook.tscn" id="20_3katm"]

[sub_resource type="StandardMaterial3D" id="StandardMaterial3D_1e5vb"]
albedo_color = Color(0, 1, 0, 1)

[sub_resource type="StandardMaterial3D" id="StandardMaterial3D_ossvb"]
albedo_color = Color(1, 0, 0, 1)

[sub_resource type="AnimationLibrary" id="AnimationLibrary_wjnl1"]
_data = {
&"Run": ExtResource("10_e2mwv"),
&"idle": ExtResource("8_mpwvt"),
&"in_air": ExtResource("13_egjqv"),
&"landing": ExtResource("14_6j6ha"),
&"pick": ExtResource("9_jqxnw"),
&"walk": ExtResource("11_egjqv")
}

[node name="Model" type="Node3D"]
script = ExtResource("1_8c8pa")
isGravity = true

[node name="Landing" type="Node" parent="."]
script = ExtResource("2_isc21")
metadata/_custom_type_script = "uid://dybfxryljd88n"

[node name="Midair" type="Node" parent="."]
script = ExtResource("3_isc21")
metadata/_custom_type_script = "uid://lav06o80f3pf"

[node name="Idle" type="Node" parent="."]
script = ExtResource("14_rmgmm")

[node name="Run" type="Node" parent="."]
script = ExtResource("15_61er6")

[node name="Flashlight" type="Node" parent="."]
script = ExtResource("10_q2lvs")

[node name="Pills" type="Node" parent="."]
script = ExtResource("10_4wqor")
metadata/_custom_type_script = "uid://2kxa3t55e673"

[node name="InteractManager" type="Node" parent="."]
script = ExtResource("7_y5m0o")

[node name="Interacting" type="Node" parent="."]
script = ExtResource("8_6j6ha")

[node name="OpenDoor" type="Node" parent="."]
script = ExtResource("16_y5m0o")

[node name="BlowCandles" type="Node" parent="."]
script = ExtResource("11_vircm")
metadata/_custom_type_script = "uid://2kxa3t55e673"

[node name="Hidden" type="Node" parent="."]
script = ExtResource("12_1bops")
metadata/_custom_type_script = "uid://2kxa3t55e673"

[node name="Downcast" type="RayCast3D" parent="."]
transform = Transform3D(1, 0, 0, 0, 1, 0, 0, 0, 1, 0, 0.98245, 0)
target_position = Vector3(0, -1.63, 0)
debug_shape_custom_color = Color(1, 0, 0, 1)
script = ExtResource("11_ossvb")

[node name="buttsphere" type="CSGSphere3D" parent="Downcast"]
radius = 0.105
material = SubResource("StandardMaterial3D_1e5vb")

[node name="targetsphere" type="CSGSphere3D" parent="Downcast"]
transform = Transform3D(1, 0, 0, 0, 1, 0, 0, 0, 1, 0, -1, 0)
radius = 0.155
material = SubResource("StandardMaterial3D_ossvb")

[node name="Root" type="BoneAttachment3D" parent="."]
transform = Transform3D(0.971286, -0.0541807, -0.231664, -0.0217373, 0.949442, -0.313189, 0.236921, 0.309231, 0.921002, 2.84207e-05, 0.950801, 0.000441372)
bone_name = "mixamorig_Hips"
bone_idx = 0
use_external_skeleton = true
external_skeleton = NodePath("../Skeleton3D")

[node name="LeftHand" type="BoneAttachment3D" parent="."]
transform = Transform3D(0.346612, 0.00904431, -0.937965, 0.514675, -0.837821, 0.182113, -0.7842, -0.54587, -0.295054, 0.233947, 0.98657, -0.103048)
bone_name = "mixamorig_LeftHand"
bone_idx = 10
use_external_skeleton = true
external_skeleton = NodePath("../Skeleton3D")

[node name="CSGSphere3D" type="CSGSphere3D" parent="LeftHand"]
radius = 0.1

[node name="RightHand" type="BoneAttachment3D" parent="."]
transform = Transform3D(-0.186448, 0.393604, -0.900174, 0.979424, 0.146495, -0.138807, 0.0772357, -0.907533, -0.412819, -0.0429422, 1.05857, 0.500811)
bone_name = "Ctrl_Middle2_Right"
bone_idx = 77
use_external_skeleton = true
external_skeleton = NodePath("../Skeleton3D")

[node name="Skeleton3D" type="Skeleton3D" parent="."]
unique_name_in_owner = true
bones/0/name = "mixamorig_Hips"
bones/0/parent = -1
bones/0/rest = Transform3D(1, 0, 0, 0, 1, 9.62001e-08, 0, -9.62001e-08, 1, 0.00177224, 1.0063, 0.0958325)
bones/0/enabled = true
bones/0/position = Vector3(2.84207e-05, 0.950801, 0.000441372)
bones/0/rotation = Quaternion(0.158778, -0.119535, 0.00827624, 0.980017)
bones/0/scale = Vector3(1, 1, 1)
bones/1/name = "mixamorig_Spine"
bones/1/parent = 0
bones/1/rest = Transform3D(1, 0, 0, 0, 0.994847, 0.101391, 0, -0.101391, 0.994847, 0, 0.0905769, -0.0092312)
bones/1/enabled = true
bones/1/position = Vector3(0, 0.0905769, -0.0092312)
bones/1/rotation = Quaternion(0.00369978, 0.0552092, -0.0128597, 0.998385)
bones/1/scale = Vector3(1, 1, 1)
bones/2/name = "mixamorig_Spine1"
bones/2/parent = 1
bones/2/rest = Transform3D(1, 0, 0, 0, 1, 1.49012e-08, 0, -1.49012e-08, 1, 2.32831e-10, 0.10622, 7.45058e-09)
bones/2/enabled = true
bones/2/position = Vector3(2.32831e-10, 0.10622, 7.45058e-09)
bones/2/rotation = Quaternion(0.0350769, 0.0229165, 0.00250185, 0.999119)
bones/2/scale = Vector3(1, 1, 1)
bones/3/name = "mixamorig_Spine2"
bones/3/parent = 2
bones/3/rest = Transform3D(1, 0, 0, 0, 1, -1.11759e-07, 0, 1.11759e-07, 1, 2.32831e-10, 0.121395, 7.45058e-09)
bones/3/enabled = true
bones/3/position = Vector3(2.32831e-10, 0.121395, 7.45058e-09)
bones/3/rotation = Quaternion(0.0351036, 0.0227118, 0.00360111, 0.999119)
bones/3/scale = Vector3(1, 1, 1)
bones/4/name = "mixamorig_Neck"
bones/4/parent = 3
bones/4/rest = Transform3D(1, 0, 0, 0, 0.994847, -0.101391, 0, 0.101391, 0.994847, 0, 0.136569, 0)
bones/4/enabled = true
bones/4/position = Vector3(0, 0.136569, 0)
bones/4/rotation = Quaternion(-0.00370954, 0.00255415, 0.00313837, 0.999985)
bones/4/scale = Vector3(1, 1, 1)
bones/5/name = "mixamorig_Head"
bones/5/parent = 4
bones/5/rest = Transform3D(1, 0, 0, 0, 1, -1.33874e-08, 0, 1.33874e-08, 1, 0, 0.0493213, 0.00130798)
bones/5/enabled = true
bones/5/position = Vector3(-0.111265, -0.921675, 0.36833)
bones/5/rotation = Quaternion(-0.146746, 0.0227896, -0.0105324, 0.988856)
bones/5/scale = Vector3(1, 1, 1)
bones/6/name = "mixamorig_HeadTop_End"
bones/6/parent = 5
bones/6/rest = Transform3D(1, 0, 0, 0, 1, 0, 0, 0, 1, 0, 0.217321, 0.00576325)
bones/6/enabled = true
bones/6/position = Vector3(1.56006e-06, 0.184747, 0.066364)
bones/6/rotation = Quaternion(0, 0, 0, 1)
bones/6/scale = Vector3(1, 1, 1)
bones/7/name = "mixamorig_LeftShoulder"
bones/7/parent = 3
bones/7/rest = Transform3D(-0.0211951, 0.96178, -0.273003, -0.000429332, -0.273073, -0.961993, -0.999775, -0.0202723, 0.00620073, 0.0545571, 0.120475, -0.00120836)
bones/7/enabled = true
bones/7/position = Vector3(0.0545571, 0.120475, -0.00120836)
bones/7/rotation = Quaternion(-0.648604, -0.348147, 0.531486, -0.419082)
bones/7/scale = Vector3(1, 1, 1)
bones/8/name = "mixamorig_LeftArm"
bones/8/parent = 7
bones/8/rest = Transform3D(0.983447, 0.177196, -0.0378694, -0.181198, 0.961729, -0.205533, 4.58211e-07, 0.208992, 0.977917, -4.65661e-10, 0.114279, -1.68104e-07)
bones/8/enabled = true
bones/8/position = Vector3(-4.65661e-10, 0.114279, -1.68104e-07)
bones/8/rotation = Quaternion(0.4305, 0.399199, -0.0969712, 0.803683)
bones/8/scale = Vector3(1, 1, 1)
bones/9/name = "mixamorig_LeftForeArm"
bones/9/parent = 8
bones/9/rest = Transform3D(0.933544, -0.35569, 0.0445106, 0.358464, 0.926319, -0.115918, -2.47732e-07, 0.12417, 0.992261, -1.67638e-08, 0.195255, 9.12696e-08)
bones/9/enabled = true
bones/9/position = Vector3(-1.67638e-08, 0.195255, 9.12696e-08)
bones/9/rotation = Quaternion(1.90921e-08, -1.50874e-07, 0.320136, 0.947372)
bones/9/scale = Vector3(1, 1, 1)
bones/10/name = "mixamorig_LeftHand"
bones/10/parent = 9
bones/10/rest = Transform3D(0.993827, 0.0932035, 0.0601767, -0.0861197, 0.990064, -0.111162, -0.0699394, 0.105293, 0.991979, 4.47035e-08, 0.258086, 4.47035e-08)
bones/10/enabled = true
bones/10/position = Vector3(4.47035e-08, 0.258086, 4.47035e-08)
bones/10/rotation = Quaternion(0.0309932, -0.22585, -0.0405037, 0.972826)
bones/10/scale = Vector3(1, 1, 1)
bones/11/name = "mixamorig_LeftHandThumb1"
bones/11/parent = 10
bones/11/rest = Transform3D(0.846053, -0.531746, 0.0379595, 0.5331, 0.843905, -0.0602463, 1.52551e-06, 0.0712077, 0.997461, -0.029717, 0.0300069, 0.00294316)
bones/11/enabled = true
bones/11/position = Vector3(-0.029717, 0.0300069, 0.00294316)
bones/11/rotation = Quaternion(0.147156, 0.0985971, 0.178709, 0.967826)
bones/11/scale = Vector3(1, 1, 1)
bones/12/name = "mixamorig_LeftHandThumb2"
bones/12/parent = 11
bones/12/rest = Transform3D(1, 1.08487e-06, -3.96529e-07, -1.0907e-06, 0.999887, -0.0150151, 3.80195e-07, 0.0150151, 0.999887, -0.00731647, 0.0330675, 1.10362e-07)
bones/12/enabled = true
bones/12/position = Vector3(-0.00731647, 0.0330675, 1.10362e-07)
bones/12/rotation = Quaternion(0.00944419, 0.0235675, -0.0947176, 0.99518)
bones/12/scale = Vector3(1, 1, 1)
bones/13/name = "mixamorig_LeftHandThumb3"
bones/13/parent = 12
bones/13/rest = Transform3D(1, -5.4338e-07, 4.91525e-07, 5.59306e-07, 0.999455, -0.0330021, -4.73325e-07, 0.0330021, 0.999455, 0.00174511, 0.0361614, -4.37722e-08)
bones/13/enabled = true
bones/13/position = Vector3(0.00174511, 0.0361614, -4.37722e-08)
bones/13/rotation = Quaternion(-0.117393, -0.0527039, -0.0660124, 0.989487)
bones/13/scale = Vector3(1, 1, 1)
bones/14/name = "mixamorig_LeftHandThumb4"
bones/14/parent = 13
bones/14/rest = Transform3D(1, -3.72529e-08, -4.47035e-08, 3.72529e-08, 1, -3.1665e-08, 4.47035e-08, 3.1665e-08, 1, 0.00557117, 0.0331884, -1.41561e-07)
bones/14/enabled = true
bones/14/position = Vector3(-7.31088e-08, 0.0345907, 1.687e-07)
bones/14/rotation = Quaternion(0.009147, 0.125638, 0.0720726, 0.989412)
bones/14/scale = Vector3(1, 1, 1)
bones/15/name = "mixamorig_LeftHandIndex1"
bones/15/parent = 10
bones/15/rest = Transform3D(0.998405, -0.0560877, 0.00646437, 0.056459, 0.99184, -0.114302, -7.05011e-07, 0.114484, 0.993425, -0.0310142, 0.0863727, -0.00149326)
bones/15/enabled = true
bones/15/position = Vector3(-0.0310142, 0.0863727, -0.00149326)
bones/15/rotation = Quaternion(0.662764, 0.0126065, -0.0177945, 0.748511)
bones/15/scale = Vector3(1, 1, 1)
bones/16/name = "mixamorig_LeftHandIndex2"
bones/16/parent = 15
bones/16/rest = Transform3D(1, -9.73993e-07, 2.32258e-07, 9.92961e-07, 0.994501, -0.104725, -1.28979e-07, 0.104725, 0.994501, 1.96472e-05, 0.033578, 4.30446e-08)
bones/16/enabled = true
bones/16/position = Vector3(1.96472e-05, 0.033578, 4.30446e-08)
bones/16/rotation = Quaternion(0.495094, -8.34674e-05, -0.0519692, 0.867284)
bones/16/scale = Vector3(1, 1, 1)
bones/17/name = "mixamorig_LeftHandIndex3"
bones/17/parent = 16
bones/17/rest = Transform3D(1, 5.38373e-07, -1.50181e-07, -5.41961e-07, 0.999687, -0.025015, 1.36666e-07, 0.025015, 0.999687, -7.0557e-06, 0.0312237, 9.31323e-08)
bones/17/enabled = true
bones/17/position = Vector3(-7.0557e-06, 0.0312237, 9.31323e-08)
bones/17/rotation = Quaternion(0.411676, 0.000131057, -0.043009, 0.910315)
bones/17/scale = Vector3(1, 1, 1)
bones/18/name = "mixamorig_LeftHandIndex4"
bones/18/parent = 17
bones/18/rest = Transform3D(1, 5.84871e-07, 2.45868e-07, -5.8487e-07, 1, -2.32761e-06, -2.4587e-07, 2.32761e-06, 1, -1.25989e-05, 0.0302093, 5.44824e-08)
bones/18/enabled = true
bones/18/position = Vector3(-1.25989e-05, 0.0302093, 5.44824e-08)
bones/18/rotation = Quaternion(3.77515e-06, 0.00400146, 2.27578e-05, 0.999992)
bones/18/scale = Vector3(1, 1, 1)
bones/19/name = "mixamorig_LeftHandMiddle1"
bones/19/parent = 10
bones/19/rest = Transform3D(0.996628, 0.0811628, -0.0120232, -0.0820485, 0.985868, -0.146054, -8.95467e-07, 0.146548, 0.989204, -0.00883099, 0.0927998, -0.00142374)
bones/19/enabled = true
bones/19/position = Vector3(-0.00883099, 0.0927998, -0.00142374)
bones/19/rotation = Quaternion(0.669741, -0.000691383, -0.0378973, 0.741627)
bones/19/scale = Vector3(1, 1, 1)
bones/20/name = "mixamorig_LeftHandMiddle2"
bones/20/parent = 19
bones/20/rest = Transform3D(1, -2.70733e-07, 4.63621e-07, 2.89924e-07, 0.999122, -0.0419069, -4.51869e-07, 0.0419069, 0.999122, -1.67675e-05, 0.0328342, -1.40513e-07)
bones/20/enabled = true
bones/20/position = Vector3(-1.67675e-05, 0.0328342, -1.40513e-07)
bones/20/rotation = Quaternion(0.496005, 6.07512e-05, -0.0563424, 0.86649)
bones/20/scale = Vector3(1, 1, 1)
bones/21/name = "mixamorig_LeftHandMiddle3"
bones/21/parent = 20
bones/21/rest = Transform3D(1, 4.06144e-07, 7.63748e-08, -4.0597e-07, 0.999997, -0.00226242, -7.72935e-08, 0.00226242, 0.999997, 8.10809e-06, 0.0302917, -1.14203e-07)
bones/21/enabled = true
bones/21/position = Vector3(8.10809e-06, 0.0302917, -1.14203e-07)
bones/21/rotation = Quaternion(0.410908, -0.000118783, -0.0469338, 0.910468)
bones/21/scale = Vector3(1, 1, 1)
bones/22/name = "mixamorig_LeftHandMiddle4"
bones/22/parent = 21
bones/22/rest = Transform3D(1, -2.66358e-07, -2.84054e-08, 2.66358e-07, 1, 1.14291e-07, 2.84053e-08, -1.14291e-07, 1, 8.65199e-06, 0.0284421, -6.40284e-08)
bones/22/enabled = true
bones/22/position = Vector3(8.65199e-06, 0.0284421, -6.40284e-08)
bones/22/rotation = Quaternion(-2.77558e-07, 0.00457946, -0.000654125, 0.999989)
bones/22/scale = Vector3(1, 1, 1)
bones/23/name = "mixamorig_LeftHandRing1"
bones/23/parent = 10
bones/23/rest = Transform3D(0.988153, 0.153277, -0.00771194, -0.153471, 0.986904, -0.049664, -1.38348e-06, 0.0502592, 0.998736, 0.0112764, 0.0914318, -0.00154445)
bones/23/enabled = true
bones/23/position = Vector3(0.0112764, 0.0914318, -0.00154445)
bones/23/rotation = Quaternion(0.667752, 0.0051621, -0.0387006, 0.743359)
bones/23/scale = Vector3(1, 1, 1)
bones/24/name = "mixamorig_LeftHandRing2"
bones/24/parent = 23
bones/24/rest = Transform3D(1, 3.10827e-07, -1.01244e-07, -3.22516e-07, 0.988631, -0.150364, 5.33557e-08, 0.150364, 0.988631, -0.000113261, 0.0329818, 2.0396e-07)
bones/24/enabled = true
bones/24/position = Vector3(-0.000113261, 0.0329818, 2.0396e-07)
bones/24/rotation = Quaternion(0.504469, 0.000442226, -0.0518863, 0.861869)
bones/24/scale = Vector3(1, 1, 1)
bones/25/name = "mixamorig_LeftHandRing3"
bones/25/parent = 24
bones/25/rest = Transform3D(1, -6.33211e-07, 4.45027e-07, 6.46935e-07, 0.999502, -0.031548, -4.24829e-07, 0.031548, 0.999502, 4.26816e-05, 0.0304459, -3.40398e-07)
bones/25/enabled = true
bones/25/position = Vector3(4.26816e-05, 0.0304459, -3.40398e-07)
bones/25/rotation = Quaternion(0.403038, -0.000745666, -0.0426742, 0.914187)
bones/25/scale = Vector3(1, 1, 1)
bones/26/name = "mixamorig_LeftHandRing4"
bones/26/parent = 25
bones/26/rest = Transform3D(1, -9.89496e-10, 5.06174e-07, 9.89564e-10, 1, -1.35243e-07, -5.06174e-07, 1.35243e-07, 1, 7.05952e-05, 0.0292493, 2.32831e-07)
bones/26/enabled = true
bones/26/position = Vector3(7.05952e-05, 0.0292493, 2.32831e-07)
bones/26/rotation = Quaternion(1.05482e-05, 0.00739622, 0.000770581, 0.999972)
bones/26/scale = Vector3(1, 1, 1)
bones/27/name = "mixamorig_LeftHandPinky1"
bones/27/parent = 10
bones/27/rest = Transform3D(0.958142, 0.285007, -0.0270993, -0.286293, 0.95384, -0.0907, -1.76672e-06, 0.0946618, 0.99551, 0.0285688, 0.0813359, -0.0012548)
bones/27/enabled = true
bones/27/position = Vector3(0.0285688, 0.0813359, -0.0012548)
bones/27/rotation = Quaternion(0.762599, -0.0236385, -0.157164, 0.627044)
bones/27/scale = Vector3(1, 1, 1)
bones/28/name = "mixamorig_LeftHandPinky2"
bones/28/parent = 27
bones/28/rest = Transform3D(1, -1.22522e-07, -1.53874e-07, 1.04721e-07, 0.993845, -0.110781, 1.665e-07, 0.110781, 0.993845, -0.000209149, 0.0387347, 1.49012e-08)
bones/28/enabled = true
bones/28/position = Vector3(-0.000209149, 0.0387347, 1.49012e-08)
bones/28/rotation = Quaternion(0.505019, 0.00101786, -0.0571174, 0.861216)
bones/28/scale = Vector3(1, 1, 1)
bones/29/name = "mixamorig_LeftHandPinky3"
bones/29/parent = 28
bones/29/rest = Transform3D(1, 4.48501e-08, -1.60731e-07, -5.9458e-08, 0.995753, -0.0920691, 1.55919e-07, 0.0920691, 0.995753, 2.86102e-05, 0.030761, -1.7602e-07)
bones/29/enabled = true
bones/29/position = Vector3(2.86102e-05, 0.030761, -1.7602e-07)
bones/29/rotation = Quaternion(0.411378, -0.0013249, -0.0463263, 0.910286)
bones/29/scale = Vector3(1, 1, 1)
bones/30/name = "mixamorig_LeftHandPinky4"
bones/30/parent = 29
bones/30/rest = Transform3D(1, -2.98022e-08, 1.17347e-07, 2.98024e-08, 1, -2.13925e-06, -1.17347e-07, 2.13925e-06, 1, 0.00018052, 0.0290516, -2.24449e-07)
bones/30/enabled = true
bones/30/position = Vector3(0.00018052, 0.0290516, -2.24449e-07)
bones/30/rotation = Quaternion(-3.74248e-06, 0.00409966, -0.000575282, 0.999991)
bones/30/scale = Vector3(1, 1, 1)
bones/31/name = "Ctrl_Thumb1_Left"
bones/31/parent = 10
bones/31/rest = Transform3D(0.846053, -0.531746, 0.0379595, 0.5331, 0.843905, -0.0602463, 1.52551e-06, 0.0712077, 0.997461, -0.029717, 0.0300069, 0.00294316)
bones/31/enabled = true
bones/31/position = Vector3(-0.029717, 0.0300069, 0.00294316)
bones/31/rotation = Quaternion(0.147156, 0.0985971, 0.178709, 0.967826)
bones/31/scale = Vector3(1, 1, 1)
bones/32/name = "Ctrl_Thumb2_Left"
bones/32/parent = 31
bones/32/rest = Transform3D(1, 1.08487e-06, -3.96529e-07, -1.0907e-06, 0.999887, -0.0150151, 3.80195e-07, 0.0150151, 0.999887, -0.00731647, 0.0330675, 1.10362e-07)
bones/32/enabled = true
bones/32/position = Vector3(-0.00731647, 0.0330675, 1.10362e-07)
bones/32/rotation = Quaternion(0.00944419, 0.0235675, -0.0947176, 0.99518)
bones/32/scale = Vector3(1, 1, 1)
bones/33/name = "Ctrl_Thumb3_Left"
bones/33/parent = 32
bones/33/rest = Transform3D(1, -5.4338e-07, 4.91525e-07, 5.59306e-07, 0.999455, -0.0330021, -4.73325e-07, 0.0330021, 0.999455, 0.00174511, 0.0361614, -4.37722e-08)
bones/33/enabled = true
bones/33/position = Vector3(0.00174511, 0.0361614, -4.37722e-08)
bones/33/rotation = Quaternion(-0.117393, -0.0527039, -0.0660124, 0.989487)
bones/33/scale = Vector3(1, 1, 1)
bones/34/name = "Ctrl_Index1_Left"
bones/34/parent = 10
bones/34/rest = Transform3D(0.998405, -0.0560877, 0.00646437, 0.056459, 0.99184, -0.114302, -7.05011e-07, 0.114484, 0.993425, -0.0310142, 0.0863727, -0.00149326)
bones/34/enabled = true
bones/34/position = Vector3(-0.0310142, 0.0863727, -0.00149326)
bones/34/rotation = Quaternion(0.662764, 0.0126065, -0.0177945, 0.748511)
bones/34/scale = Vector3(1, 1, 1)
bones/35/name = "Ctrl_Index2_Left"
bones/35/parent = 34
bones/35/rest = Transform3D(1, -9.73993e-07, 2.32258e-07, 9.92961e-07, 0.994501, -0.104725, -1.28979e-07, 0.104725, 0.994501, 1.96472e-05, 0.033578, 4.30446e-08)
bones/35/enabled = true
bones/35/position = Vector3(1.96472e-05, 0.033578, 4.30446e-08)
bones/35/rotation = Quaternion(0.495094, -8.34674e-05, -0.0519692, 0.867284)
bones/35/scale = Vector3(1, 1, 1)
bones/36/name = "Ctrl_Index3_Left"
bones/36/parent = 35
bones/36/rest = Transform3D(1, 5.38373e-07, -1.50181e-07, -5.41961e-07, 0.999687, -0.025015, 1.36666e-07, 0.025015, 0.999687, -7.0557e-06, 0.0312237, 9.31323e-08)
bones/36/enabled = true
bones/36/position = Vector3(-7.0557e-06, 0.0312237, 9.31323e-08)
bones/36/rotation = Quaternion(0.411676, 0.000131057, -0.043009, 0.910315)
bones/36/scale = Vector3(1, 1, 1)
bones/37/name = "Ctrl_Middle1_Left"
bones/37/parent = 10
bones/37/rest = Transform3D(0.996628, 0.0811628, -0.0120232, -0.0820485, 0.985868, -0.146054, -8.95467e-07, 0.146548, 0.989204, -0.00883099, 0.0927998, -0.00142374)
bones/37/enabled = true
bones/37/position = Vector3(-0.00883099, 0.0927998, -0.00142374)
bones/37/rotation = Quaternion(0.669741, -0.000691383, -0.0378973, 0.741627)
bones/37/scale = Vector3(1, 1, 1)
bones/38/name = "Ctrl_Middle2_Left"
bones/38/parent = 37
bones/38/rest = Transform3D(1, -2.70733e-07, 4.63621e-07, 2.89924e-07, 0.999122, -0.0419069, -4.51869e-07, 0.0419069, 0.999122, -1.67675e-05, 0.0328342, -1.40513e-07)
bones/38/enabled = true
bones/38/position = Vector3(-1.67675e-05, 0.0328342, -1.40513e-07)
bones/38/rotation = Quaternion(0.496005, 6.07512e-05, -0.0563424, 0.86649)
bones/38/scale = Vector3(1, 1, 1)
bones/39/name = "Ctrl_Middle3_Left"
bones/39/parent = 38
bones/39/rest = Transform3D(1, 4.06144e-07, 7.63748e-08, -4.0597e-07, 0.999997, -0.00226242, -7.72935e-08, 0.00226242, 0.999997, 8.10809e-06, 0.0302917, -1.14203e-07)
bones/39/enabled = true
bones/39/position = Vector3(8.10809e-06, 0.0302917, -1.14203e-07)
bones/39/rotation = Quaternion(0.410908, -0.000118783, -0.0469338, 0.910468)
bones/39/scale = Vector3(1, 1, 1)
bones/40/name = "Ctrl_Ring1_Left"
bones/40/parent = 10
bones/40/rest = Transform3D(0.988153, 0.153277, -0.00771194, -0.153471, 0.986904, -0.049664, -1.38348e-06, 0.0502592, 0.998736, 0.0112764, 0.0914318, -0.00154445)
bones/40/enabled = true
bones/40/position = Vector3(0.0112764, 0.0914318, -0.00154445)
bones/40/rotation = Quaternion(0.667752, 0.0051621, -0.0387006, 0.743359)
bones/40/scale = Vector3(1, 1, 1)
bones/41/name = "Ctrl_Ring2_Left"
bones/41/parent = 40
bones/41/rest = Transform3D(1, 3.10827e-07, -1.01244e-07, -3.22516e-07, 0.988631, -0.150364, 5.33557e-08, 0.150364, 0.988631, -0.000113261, 0.0329818, 2.0396e-07)
bones/41/enabled = true
bones/41/position = Vector3(-0.000113261, 0.0329818, 2.0396e-07)
bones/41/rotation = Quaternion(0.504469, 0.000442226, -0.0518863, 0.861869)
bones/41/scale = Vector3(1, 1, 1)
bones/42/name = "Ctrl_Ring3_Left"
bones/42/parent = 41
bones/42/rest = Transform3D(1, -6.33211e-07, 4.45027e-07, 6.46935e-07, 0.999502, -0.031548, -4.24829e-07, 0.031548, 0.999502, 4.26816e-05, 0.0304459, -3.40398e-07)
bones/42/enabled = true
bones/42/position = Vector3(4.26816e-05, 0.0304459, -3.40398e-07)
bones/42/rotation = Quaternion(0.403038, -0.000745666, -0.0426742, 0.914187)
bones/42/scale = Vector3(1, 1, 1)
bones/43/name = "Ctrl_Pinky1_Left"
bones/43/parent = 10
bones/43/rest = Transform3D(0.958142, 0.285007, -0.0270993, -0.286293, 0.95384, -0.0907, -1.76672e-06, 0.0946618, 0.99551, 0.0285688, 0.0813359, -0.0012548)
bones/43/enabled = true
bones/43/position = Vector3(0.0285688, 0.0813359, -0.0012548)
bones/43/rotation = Quaternion(0.762599, -0.0236385, -0.157164, 0.627044)
bones/43/scale = Vector3(1, 1, 1)
bones/44/name = "Ctrl_Pinky2_Left"
bones/44/parent = 43
bones/44/rest = Transform3D(1, -1.22522e-07, -1.53874e-07, 1.04721e-07, 0.993845, -0.110781, 1.665e-07, 0.110781, 0.993845, -0.000209149, 0.0387347, 1.49012e-08)
bones/44/enabled = true
bones/44/position = Vector3(-0.000209149, 0.0387347, 1.49012e-08)
bones/44/rotation = Quaternion(0.505019, 0.00101786, -0.0571174, 0.861216)
bones/44/scale = Vector3(1, 1, 1)
bones/45/name = "Ctrl_Pinky3_Left"
bones/45/parent = 44
bones/45/rest = Transform3D(1, 4.48501e-08, -1.60731e-07, -5.9458e-08, 0.995753, -0.0920691, 1.55919e-07, 0.0920691, 0.995753, 2.86102e-05, 0.030761, -1.7602e-07)
bones/45/enabled = true
bones/45/position = Vector3(2.86102e-05, 0.030761, -1.7602e-07)
bones/45/rotation = Quaternion(0.411378, -0.0013249, -0.0463263, 0.910286)
bones/45/scale = Vector3(1, 1, 1)
bones/46/name = "mixamorig_RightShoulder"
bones/46/parent = 3
bones/46/rest = Transform3D(-0.0367429, -0.96178, 0.271348, 0.000475049, -0.271549, -0.962425, 0.999325, -0.0352334, 0.0104344, -0.0545571, 0.120562, -0.00206323)
bones/46/enabled = true
bones/46/position = Vector3(-0.0545571, 0.120562, -0.00206323)
bones/46/rotation = Quaternion(0.670962, -0.335038, 0.454756, 0.480372)
bones/46/scale = Vector3(1, 1, 1)
bones/47/name = "mixamorig_RightArm"
bones/47/parent = 46
bones/47/rest = Transform3D(0.988292, -0.149109, 0.0323236, 0.152573, 0.965859, -0.209377, 8.9407e-08, 0.211858, 0.9773, -2.32831e-09, 0.114279, 1.51806e-07)
bones/47/enabled = true
bones/47/position = Vector3(-2.32831e-09, 0.114279, 1.51806e-07)
bones/47/rotation = Quaternion(0.483482, 0.144261, -0.193638, 0.841391)
bones/47/scale = Vector3(1, 1, 1)
bones/48/name = "mixamorig_RightForeArm"
bones/48/parent = 47
bones/48/rest = Transform3D(0.939717, 0.339381, -0.0418666, -0.341953, 0.932647, -0.115052, 4.89876e-07, 0.122432, 0.992477, 2.04891e-08, 0.194845, -2.58442e-07)
bones/48/enabled = true
bones/48/position = Vector3(2.04891e-08, 0.194845, -2.58442e-07)
bones/48/rotation = Quaternion(-2.28174e-08, -2.36556e-07, -0.587266, 0.809394)
bones/48/scale = Vector3(1, 1, 1)
bones/49/name = "mixamorig_RightHand"
bones/49/parent = 48
bones/49/rest = Transform3D(0.993326, -0.0896336, -0.0725963, 0.0830062, 0.992506, -0.0896706, 0.0800898, 0.0830461, 0.993322, 7.45058e-09, 0.257925, -5.96046e-08)
bones/49/enabled = true
bones/49/position = Vector3(7.45058e-09, 0.257925, -5.96046e-08)
bones/49/rotation = Quaternion(-0.0294272, 0.175603, -0.124596, 0.976101)
bones/49/scale = Vector3(1, 1, 1)
bones/50/name = "mixamorig_RightHandThumb1"
bones/50/parent = 49
bones/50/rest = Transform3D(0.848407, 0.52857, -0.0286195, -0.529344, 0.847166, -0.0458683, 8.90344e-07, 0.0540645, 0.998537, 0.0286776, 0.0300643, 0.00220309)
bones/50/enabled = true
bones/50/position = Vector3(0.0286776, 0.0300643, 0.00220309)
bones/50/rotation = Quaternion(0.135525, -0.100631, -0.231602, 0.958054)
bones/50/scale = Vector3(1, 1, 1)
bones/51/name = "mixamorig_RightHandThumb2"
bones/51/parent = 50
bones/51/rest = Transform3D(1, 8.52405e-07, 1.19101e-06, -8.01624e-07, 0.999117, -0.0420049, -1.22577e-06, 0.0420049, 0.999117, 0.00673259, 0.0325976, -6.37956e-08)
bones/51/enabled = true
bones/51/position = Vector3(0.00673259, 0.0325976, -6.37956e-08)
bones/51/rotation = Quaternion(0.00366822, -0.0203062, 0.131419, 0.991112)
bones/51/scale = Vector3(1, 1, 1)
bones/52/name = "mixamorig_RightHandThumb3"
bones/52/parent = 51
bones/52/rest = Transform3D(1, 7.26629e-07, -7.389e-07, -7.78388e-07, 0.997358, -0.0726463, 6.84161e-07, 0.0726463, 0.997358, -0.000875205, 0.0371834, -6.14673e-08)
bones/52/enabled = true
bones/52/position = Vector3(-0.000875205, 0.0371834, -6.14673e-08)
bones/52/rotation = Quaternion(-0.113967, 0.0442218, 0.0359267, 0.991849)
bones/52/scale = Vector3(1, 1, 1)
bones/53/name = "mixamorig_RightHandThumb4"
bones/53/parent = 52
bones/53/rest = Transform3D(1, -5.58794e-07, 2.34693e-07, 5.58793e-07, 1, 1.21631e-06, -2.34694e-07, -1.21631e-06, 1, -0.00585741, 0.0357805, -1.11759e-08)
bones/53/enabled = true
bones/53/position = Vector3(1.5134e-07, 0.0345905, -1.10205e-07)
bones/53/rotation = Quaternion(0.00923217, -0.127131, -0.0723281, 0.989202)
bones/53/scale = Vector3(1, 1, 1)
bones/54/name = "mixamorig_RightHandIndex1"
bones/54/parent = 49
bones/54/rest = Transform3D(0.997958, 0.0634592, -0.00719361, -0.0638656, 0.991607, -0.112409, -1.50176e-07, 0.112639, 0.993636, 0.0308037, 0.0880766, -0.00163937)
bones/54/enabled = true
bones/54/position = Vector3(0.0308037, 0.0880766, -0.00163937)
bones/54/rotation = Quaternion(0.658506, -0.0175321, 0.0190538, 0.75213)
bones/54/scale = Vector3(1, 1, 1)
bones/55/name = "mixamorig_RightHandIndex2"
bones/55/parent = 54
bones/55/rest = Transform3D(1, 1.25852e-06, 7.11398e-07, -1.15547e-06, 0.99153, -0.129875, -8.68824e-07, 0.129875, 0.99153, -6.33895e-05, 0.0341339, -9.96806e-08)
bones/55/enabled = true
bones/55/position = Vector3(-6.33895e-05, 0.0341339, -9.96806e-08)
bones/55/rotation = Quaternion(0.495495, 0.000301758, 0.0486209, 0.867249)
bones/55/scale = Vector3(1, 1, 1)
bones/56/name = "mixamorig_RightHandIndex3"
bones/56/parent = 55
bones/56/rest = Transform3D(1, 1.4996e-07, -1.68067e-06, -2.52371e-07, 0.998131, -0.0611013, 1.66837e-06, 0.0611013, 0.998132, 1.48863e-05, 0.0317185, 6.47269e-08)
bones/56/enabled = true
bones/56/position = Vector3(1.48863e-05, 0.0317185, 6.47269e-08)
bones/56/rotation = Quaternion(0.412008, -0.000393296, 0.0400874, 0.910298)
bones/56/scale = Vector3(1, 1, 1)
bones/57/name = "mixamorig_RightHandIndex4"
bones/57/parent = 56
bones/57/rest = Transform3D(1, 2.98023e-07, -1.32248e-07, -2.98023e-07, 1, -1.63773e-06, 1.32248e-07, 1.63773e-06, 1, 4.84586e-05, 0.0305833, 5.40167e-08)
bones/57/enabled = true
bones/57/position = Vector3(4.84586e-05, 0.0305833, 5.40167e-08)
bones/57/rotation = Quaternion(-7.59821e-05, -0.00670926, 0.00137475, 0.999977)
bones/57/scale = Vector3(1, 1, 1)
bones/58/name = "mixamorig_RightHandMiddle1"
bones/58/parent = 49
bones/58/rest = Transform3D(0.996589, -0.081579, 0.0124397, 0.082522, 0.985201, -0.150226, -3.12459e-07, 0.15074, 0.988573, 0.00862787, 0.094462, -0.00120103)
bones/58/enabled = true
bones/58/position = Vector3(0.00862787, 0.094462, -0.00120103)
bones/58/rotation = Quaternion(0.666406, 0.00162872, 0.0332439, 0.744846)
bones/58/scale = Vector3(1, 1, 1)
bones/59/name = "mixamorig_RightHandMiddle2"
bones/59/parent = 58
bones/59/rest = Transform3D(1, 2.11242e-07, 1.13992e-07, -2.04128e-07, 0.998249, -0.0591589, -1.26289e-07, 0.0591589, 0.998249, 1.64621e-05, 0.0327167, -2.71248e-08)
bones/59/enabled = true
bones/59/position = Vector3(1.64621e-05, 0.0327167, -2.71248e-08)
bones/59/rotation = Quaternion(0.496392, -3.89578e-05, 0.0528385, 0.866489)
bones/59/scale = Vector3(1, 1, 1)
bones/60/name = "mixamorig_RightHandMiddle3"
bones/60/parent = 59
bones/60/rest = Transform3D(1, 1.85702e-08, -5.78532e-07, -1.49574e-08, 0.99998, 0.00624429, 5.78637e-07, -0.00624429, 0.99998, -9.82918e-06, 0.0310224, -1.0943e-08)
bones/60/enabled = true
bones/60/position = Vector3(-9.82918e-06, 0.0310224, -1.0943e-08)
bones/60/rotation = Quaternion(0.411228, 0.000115615, 0.0441048, 0.910465)
bones/60/scale = Vector3(1, 1, 1)
bones/61/name = "mixamorig_RightHandMiddle4"
bones/61/parent = 60
bones/61/rest = Transform3D(1, 2.48663e-07, -5.30854e-08, -2.48663e-07, 1, -1.11962e-07, 5.30854e-08, 1.11962e-07, 1, -6.63847e-06, 0.0294244, -2.819e-07)
bones/61/enabled = true
bones/61/position = Vector3(-6.63847e-06, 0.0294244, -2.819e-07)
bones/61/rotation = Quaternion(-5.19434e-05, -0.00669535, -0.00170833, 0.999976)
bones/61/scale = Vector3(1, 1, 1)
bones/62/name = "mixamorig_RightHandRing1"
bones/62/parent = 49
bones/62/rest = Transform3D(0.985358, -0.169137, 0.0214952, 0.170497, 0.977496, -0.124225, -4.27477e-07, 0.126071, 0.992021, -0.0113656, 0.0967044, -0.00251394)
bones/62/enabled = true
bones/62/position = Vector3(-0.0113656, 0.0967044, -0.00251394)
bones/62/rotation = Quaternion(0.691955, -0.0237595, 0.0653563, 0.718583)
bones/62/scale = Vector3(1, 1, 1)
bones/63/name = "mixamorig_RightHandRing2"
bones/63/parent = 62
bones/63/rest = Transform3D(1, -1.25019e-07, 6.09936e-07, 1.78127e-07, 0.996132, -0.0878646, -5.96592e-07, 0.0878646, 0.996132, 7.3559e-05, 0.0327062, -3.16417e-07)
bones/63/enabled = true
bones/63/position = Vector3(7.3559e-05, 0.0327062, -3.16417e-07)
bones/63/rotation = Quaternion(0.504328, -0.000379415, 0.0543664, 0.861799)
bones/63/scale = Vector3(1, 1, 1)
bones/64/name = "mixamorig_RightHandRing3"
bones/64/parent = 63
bones/64/rest = Transform3D(1, 2.18574e-08, -8.12662e-07, -5.40454e-08, 0.999214, -0.0396291, 8.11157e-07, 0.0396291, 0.999215, -1.87519e-05, 0.0299993, -4.00469e-08)
bones/64/enabled = true
bones/64/position = Vector3(-1.87519e-05, 0.0299993, -4.00469e-08)
bones/64/rotation = Quaternion(0.402895, 0.000492345, 0.0438422, 0.914195)
bones/64/scale = Vector3(1, 1, 1)
bones/65/name = "mixamorig_RightHandRing4"
bones/65/parent = 64
bones/65/rest = Transform3D(1, 2.59723e-07, 2.11498e-07, -2.59723e-07, 1, 2.48983e-08, -2.11498e-07, -2.48984e-08, 1, -5.47727e-05, 0.0285323, 5.65778e-08)
bones/65/enabled = true
bones/65/position = Vector3(-5.47727e-05, 0.0285323, 5.65778e-08)
bones/65/rotation = Quaternion(-6.09106e-05, -0.00761333, -0.000300408, 0.999971)
bones/65/scale = Vector3(1, 1, 1)
bones/66/name = "mixamorig_RightHandPinky1"
bones/66/parent = 49
bones/66/rest = Transform3D(0.958114, -0.284002, 0.0368806, 0.286386, 0.950136, -0.123385, 1.86265e-09, 0.128779, 0.991673, -0.028066, 0.0837765, -0.001895)
bones/66/enabled = true
bones/66/position = Vector3(-0.028066, 0.0837765, -0.001895)
bones/66/rotation = Quaternion(0.711756, 0.0128394, 0.157528, 0.684415)
bones/66/scale = Vector3(1, 1, 1)
bones/67/name = "mixamorig_RightHandPinky2"
bones/67/parent = 66
bones/67/rest = Transform3D(1, -1.47614e-07, 5.34849e-07, 1.95113e-07, 0.995949, -0.0899254, -5.19408e-07, 0.0899254, 0.995948, 0.000181105, 0.0379575, -3.18047e-07)
bones/67/enabled = true
bones/67/position = Vector3(0.000181105, 0.0379575, -3.18047e-07)
bones/67/rotation = Quaternion(0.505042, -0.00101365, 0.0574161, 0.861182)
bones/67/scale = Vector3(1, 1, 1)
bones/68/name = "mixamorig_RightHandPinky3"
bones/68/parent = 67
bones/68/rest = Transform3D(1, -7.88273e-08, -2.53974e-07, 5.52832e-08, 0.995814, -0.0914036, 2.60116e-07, 0.0914036, 0.995814, -1.25989e-05, 0.0310945, -2.16532e-08)
bones/68/enabled = true
bones/68/position = Vector3(-1.25989e-05, 0.0310945, -2.16532e-08)
bones/68/rotation = Quaternion(0.411399, 0.00112672, 0.0461792, 0.910284)
bones/68/scale = Vector3(1, 1, 1)
bones/69/name = "mixamorig_RightHandPinky4"
bones/69/parent = 68
bones/69/rest = Transform3D(1, 1.24797e-07, -7.63684e-08, -1.24797e-07, 1, 1.64891e-06, 7.63686e-08, -1.64891e-06, 1, -0.000168454, 0.0295954, -1.43889e-07)
bones/69/enabled = true
bones/69/position = Vector3(-0.000168454, 0.0295954, -1.43889e-07)
bones/69/rotation = Quaternion(-8.31739e-05, -0.00849892, 0.00220614, 0.999961)
bones/69/scale = Vector3(1, 1, 1)
bones/70/name = "Ctrl_Thumb1_Right"
bones/70/parent = 49
bones/70/rest = Transform3D(0.848407, 0.52857, -0.0286195, -0.529344, 0.847166, -0.0458683, 8.90344e-07, 0.0540645, 0.998537, 0.0286776, 0.0300643, 0.00220309)
bones/70/enabled = true
bones/70/position = Vector3(0.0286776, 0.0300643, 0.00220309)
bones/70/rotation = Quaternion(0.135525, -0.100631, -0.231602, 0.958054)
bones/70/scale = Vector3(1, 1, 1)
bones/71/name = "Ctrl_Thumb2_Right"
bones/71/parent = 70
bones/71/rest = Transform3D(1, 8.52405e-07, 1.19101e-06, -8.01624e-07, 0.999117, -0.0420049, -1.22577e-06, 0.0420049, 0.999117, 0.00673259, 0.0325976, -6.37956e-08)
bones/71/enabled = true
bones/71/position = Vector3(0.00673259, 0.0325976, -6.37956e-08)
bones/71/rotation = Quaternion(0.00366822, -0.0203062, 0.131419, 0.991112)
bones/71/scale = Vector3(1, 1, 1)
bones/72/name = "Ctrl_Thumb3_Right"
bones/72/parent = 71
bones/72/rest = Transform3D(1, 7.26629e-07, -7.389e-07, -7.78388e-07, 0.997358, -0.0726463, 6.84161e-07, 0.0726463, 0.997358, -0.000875205, 0.0371834, -6.14673e-08)
bones/72/enabled = true
bones/72/position = Vector3(-0.000875205, 0.0371834, -6.14673e-08)
bones/72/rotation = Quaternion(-0.113967, 0.0442218, 0.0359267, 0.991849)
bones/72/scale = Vector3(1, 1, 1)
bones/73/name = "Ctrl_Index1_Right"
bones/73/parent = 49
bones/73/rest = Transform3D(0.997958, 0.0634592, -0.00719361, -0.0638656, 0.991607, -0.112409, -1.50176e-07, 0.112639, 0.993636, 0.0308037, 0.0880766, -0.00163937)
bones/73/enabled = true
bones/73/position = Vector3(0.0308037, 0.0880766, -0.00163937)
bones/73/rotation = Quaternion(0.658506, -0.0175321, 0.0190538, 0.75213)
bones/73/scale = Vector3(1, 1, 1)
bones/74/name = "Ctrl_Index2_Right"
bones/74/parent = 73
bones/74/rest = Transform3D(1, 1.25852e-06, 7.11398e-07, -1.15547e-06, 0.99153, -0.129875, -8.68824e-07, 0.129875, 0.99153, -6.33895e-05, 0.0341339, -9.96806e-08)
bones/74/enabled = true
bones/74/position = Vector3(-6.33895e-05, 0.0341339, -9.96806e-08)
bones/74/rotation = Quaternion(0.495495, 0.000301758, 0.0486209, 0.867249)
bones/74/scale = Vector3(1, 1, 1)
bones/75/name = "Ctrl_Index3_Right"
bones/75/parent = 74
bones/75/rest = Transform3D(1, 1.4996e-07, -1.68067e-06, -2.52371e-07, 0.998131, -0.0611013, 1.66837e-06, 0.0611013, 0.998132, 1.48863e-05, 0.0317185, 6.47269e-08)
bones/75/enabled = true
bones/75/position = Vector3(1.48863e-05, 0.0317185, 6.47269e-08)
bones/75/rotation = Quaternion(0.412008, -0.000393296, 0.0400874, 0.910298)
bones/75/scale = Vector3(1, 1, 1)
bones/76/name = "Ctrl_Middle1_Right"
bones/76/parent = 49
bones/76/rest = Transform3D(0.996589, -0.081579, 0.0124397, 0.082522, 0.985201, -0.150226, -3.12459e-07, 0.15074, 0.988573, 0.00862787, 0.094462, -0.00120103)
bones/76/enabled = true
bones/76/position = Vector3(0.00862787, 0.094462, -0.00120103)
bones/76/rotation = Quaternion(0.666406, 0.00162872, 0.0332439, 0.744846)
bones/76/scale = Vector3(1, 1, 1)
bones/77/name = "Ctrl_Middle2_Right"
bones/77/parent = 76
bones/77/rest = Transform3D(1, 2.11242e-07, 1.13992e-07, -2.04128e-07, 0.998249, -0.0591589, -1.26289e-07, 0.0591589, 0.998249, 1.64621e-05, 0.0327167, -2.71248e-08)
bones/77/enabled = true
bones/77/position = Vector3(1.64621e-05, 0.0327167, -2.71248e-08)
bones/77/rotation = Quaternion(0.496392, -3.89578e-05, 0.0528385, 0.866489)
bones/77/scale = Vector3(1, 1, 1)
bones/78/name = "Ctrl_Middle3_Right"
bones/78/parent = 77
bones/78/rest = Transform3D(1, 1.85702e-08, -5.78532e-07, -1.49574e-08, 0.99998, 0.00624429, 5.78637e-07, -0.00624429, 0.99998, -9.82918e-06, 0.0310224, -1.0943e-08)
bones/78/enabled = true
bones/78/position = Vector3(-9.82918e-06, 0.0310224, -1.0943e-08)
bones/78/rotation = Quaternion(0.411228, 0.000115615, 0.0441048, 0.910465)
bones/78/scale = Vector3(1, 1, 1)
bones/79/name = "Ctrl_Ring1_Right"
bones/79/parent = 49
bones/79/rest = Transform3D(0.985358, -0.169137, 0.0214952, 0.170497, 0.977496, -0.124225, -4.27477e-07, 0.126071, 0.992021, -0.0113656, 0.0967044, -0.00251394)
bones/79/enabled = true
bones/79/position = Vector3(-0.0113656, 0.0967044, -0.00251394)
bones/79/rotation = Quaternion(0.691955, -0.0237595, 0.0653563, 0.718583)
bones/79/scale = Vector3(1, 1, 1)
bones/80/name = "Ctrl_Ring2_Right"
bones/80/parent = 79
bones/80/rest = Transform3D(1, -1.25019e-07, 6.09936e-07, 1.78127e-07, 0.996132, -0.0878646, -5.96592e-07, 0.0878646, 0.996132, 7.3559e-05, 0.0327062, -3.16417e-07)
bones/80/enabled = true
bones/80/position = Vector3(7.3559e-05, 0.0327062, -3.16417e-07)
bones/80/rotation = Quaternion(0.504328, -0.000379415, 0.0543664, 0.861799)
bones/80/scale = Vector3(1, 1, 1)
bones/81/name = "Ctrl_Ring3_Right"
bones/81/parent = 80
bones/81/rest = Transform3D(1, 2.18574e-08, -8.12662e-07, -5.40454e-08, 0.999214, -0.0396291, 8.11157e-07, 0.0396291, 0.999215, -1.87519e-05, 0.0299993, -4.00469e-08)
bones/81/enabled = true
bones/81/position = Vector3(-1.87519e-05, 0.0299993, -4.00469e-08)
bones/81/rotation = Quaternion(0.402895, 0.000492345, 0.0438422, 0.914195)
bones/81/scale = Vector3(1, 1, 1)
bones/82/name = "Ctrl_Pinky1_Right"
bones/82/parent = 49
