[gd_scene load_steps=26 format=3 uid="uid://bvyu35md1spyq"]

[ext_resource type="Script" uid="uid://cu6d8y2wq0bwv" path="res://addons/fsm_template/Player/Scripts/Model.gd" id="1_8c8pa"]
[ext_resource type="Script" uid="uid://w6kelp55pbdq" path="res://addons/fsm_template/Player/Scripts/States/JumpStart.gd" id="2_7hllj"]
[ext_resource type="Script" uid="uid://dybfxryljd88n" path="res://addons/fsm_template/Player/Scripts/States/Landing.gd" id="2_isc21"]
[ext_resource type="Script" uid="uid://lav06o80f3pf" path="res://addons/fsm_template/Player/Scripts/States/Midair.gd" id="3_isc21"]
[ext_resource type="Animation" uid="uid://cqbnmfse42rh5" path="res://addons/fsm_template/Player/Animations/idle.tres" id="5_p5cw4"]
[ext_resource type="Animation" uid="uid://d4a6ej1ffn3pu" path="res://addons/fsm_template/Player/Animations/jump.tres" id="6_7fxrp"]
[ext_resource type="Animation" uid="uid://bolgm6p7ytll7" path="res://addons/fsm_template/Player/Animations/walk.tres" id="7_7fxrp"]
[ext_resource type="Script" uid="uid://blk216uefbljs" path="res://addons/fsm_template/Player/Scripts/States/Hit1.gd" id="7_cghaj"]
[ext_resource type="Animation" uid="uid://b5ds0d7ijwmdp" path="res://addons/fsm_template/Player/Animations/in_air.tres" id="8_1e5vb"]
[ext_resource type="Script" uid="uid://cx8jrrgtj5cf" path="res://addons/fsm_template/ConsecutiveAttack.gd" id="8_nge3p"]
[ext_resource type="Script" uid="uid://bhf7ev5l0r5do" path="res://addons/fsm_template/Hit2.gd" id="9_2yq36"]
[ext_resource type="Animation" uid="uid://dcxlmhq78kld1" path="res://addons/fsm_template/Player/Animations/jump_start.tres" id="9_ossvb"]
[ext_resource type="Animation" uid="uid://dse8rwjqnggk8" path="res://addons/fsm_template/Player/Animations/landing.tres" id="10_vuwme"]
[ext_resource type="Script" uid="uid://bahb0xu7iruyg" path="res://addons/fsm_template/Downcast.gd" id="11_ossvb"]
[ext_resource type="Script" uid="uid://h28u14dhv47n" path="res://addons/fsm_template/SkeletonAnimator.gd" id="13_isc21"]
[ext_resource type="Animation" uid="uid://ce3qwpc4nd8ss" path="res://addons/fsm_template/Player/Animations/hit_1.tres" id="13_w0tw7"]
[ext_resource type="Animation" uid="uid://08vccnrulmlq" path="res://addons/fsm_template/Player/Animations/hit_2.tres" id="14_pnklp"]
[ext_resource type="Script" uid="uid://cruoxgtgcsr51" path="res://addons/fsm_template/Player/Scripts/States/Idle.gd" id="14_rmgmm"]
[ext_resource type="Script" uid="uid://47qng0jxpj38" path="res://addons/fsm_template/Player/Scripts/States/Run.gd" id="15_61er6"]
[ext_resource type="Animation" uid="uid://cyw7n45fxtgiq" path="res://addons/fsm_template/Player/Animations/hit_3.tres" id="15_hqhwp"]
[ext_resource type="PackedScene" uid="uid://csov1s4wfuhtv" path="res://addons/fsm_template/right_hand.tscn" id="19_cghaj"]
[ext_resource type="Script" uid="uid://bop82k6mfo7mh" path="res://addons/fsm_template/Combat.gd" id="19_hqhwp"]

[sub_resource type="StandardMaterial3D" id="StandardMaterial3D_1e5vb"]
albedo_color = Color(0, 1, 0, 1)

[sub_resource type="StandardMaterial3D" id="StandardMaterial3D_ossvb"]
albedo_color = Color(1, 0, 0, 1)

[sub_resource type="AnimationLibrary" id="AnimationLibrary_nh3qw"]
_data = {
&"hit_1": ExtResource("13_w0tw7"),
&"hit_2": ExtResource("14_pnklp"),
&"hit_3": ExtResource("15_hqhwp"),
&"idle": ExtResource("5_p5cw4"),
&"in_air": ExtResource("8_1e5vb"),
&"jump": ExtResource("6_7fxrp"),
&"jump_start": ExtResource("9_ossvb"),
&"landing": ExtResource("10_vuwme"),
&"walk": ExtResource("7_7fxrp")
}

[node name="Model" type="Node3D"]
script = ExtResource("1_8c8pa")
isGravity = true

[node name="Landing" type="Node" parent="."]
script = ExtResource("2_isc21")

[node name="JumpStart" type="Node" parent="."]
script = ExtResource("2_7hllj")

[node name="Midair" type="Node" parent="."]
script = ExtResource("3_isc21")

[node name="Idle" type="Node" parent="."]
script = ExtResource("14_rmgmm")

[node name="Run" type="Node" parent="."]
script = ExtResource("15_61er6")

[node name="Hit1" type="Node" parent="."]
script = ExtResource("7_cghaj")

[node name="ToHit2" type="Node" parent="Hit1"]
script = ExtResource("8_nge3p")

[node name="Hit2" type="Node" parent="."]
script = ExtResource("9_2yq36")

[node name="Downcast" type="RayCast3D" parent="."]
transform = Transform3D(1, 0, 0, 0, 1, 0, 0, 0, 1, 0, 0.98245, 0)
target_position = Vector3(0, -1.63, 0)
debug_shape_custom_color = Color(1, 0, 0, 1)
script = ExtResource("11_ossvb")

[node name="buttsphere" type="CSGSphere3D" parent="Downcast"]
radius = 0.105
material = SubResource("StandardMaterial3D_1e5vb")

[node name="targetsphere" type="CSGSphere3D" parent="Downcast"]
transform = Transform3D(1, 0, 0, 0, 1, 0, 0, 0, 1, 0, -1, 0)
radius = 0.155
material = SubResource("StandardMaterial3D_ossvb")

[node name="Root" type="BoneAttachment3D" parent="."]
transform = Transform3D(0.724972, -0.00773395, -0.688735, 0.0253228, 0.99956, 0.0154308, 0.688312, -0.0286276, 0.724849, -0.0113453, 0.930427, 0.0125472)
bone_name = "mixamorig_Hips"
bone_idx = 0
use_external_skeleton = true
external_skeleton = NodePath("../Skeleton3D")

[node name="Combat" type="Node" parent="."]
script = ExtResource("19_hqhwp")

[node name="LeftHand" type="BoneAttachment3D" parent="."]
transform = Transform3D(-0.194642, -0.477493, -0.856805, -0.432521, 0.825784, -0.361949, 0.880363, 0.300136, -0.367258, -0.0677693, 1.95031, 0.411553)
bone_name = "mixamorig_LeftHand"
bone_idx = 10
use_external_skeleton = true
external_skeleton = NodePath("../Skeleton3D")

[node name="CSGSphere3D" type="CSGSphere3D" parent="LeftHand"]
radius = 0.1

[node name="RightHand" type="BoneAttachment3D" parent="."]
transform = Transform3D(-0.0330415, 0.220279, 0.974877, 0.500116, 0.848154, -0.174695, -0.865328, 0.481779, -0.138189, -0.270906, 1.82225, 0.323214)
bone_name = "mixamorig_RightHand"
bone_idx = 49
use_external_skeleton = true
external_skeleton = NodePath("../Skeleton3D")

[node name="RightHand" parent="RightHand" instance=ExtResource("19_cghaj")]

[node name="InteractionCatcher" type="RayCast3D" parent="."]
transform = Transform3D(1, 0, 0, 0, 1, 0, 0, 0, 1, 0, 2.46478, 0)
target_position = Vector3(0, 0, 1)
debug_shape_custom_color = Color(0.55, 0, 0, 1)

[node name="Skeleton3D" type="Skeleton3D" parent="."]
unique_name_in_owner = true
bones/0/name = "mixamorig_Hips"
bones/0/parent = -1
bones/0/rest = Transform3D(1, 0, 0, 0, 1, 9.4521e-08, 0, -9.4521e-08, 1, -2.54313e-08, 1.84059, 0.179982)
bones/0/enabled = true
bones/0/position = Vector3(-0.0113453, 0.930427, 0.0125472)
bones/0/rotation = Quaternion(-0.0118612, -0.370722, 0.00889937, 0.928626)
bones/0/scale = Vector3(1, 1, 1)
bones/1/name = "mixamorig_Spine"
bones/1/parent = 0
bones/1/rest = Transform3D(1, 0, 0, 0, 0.996517, 0.0833852, 0, -0.0833852, 0.996517, 0, 0.200965, -0.0168161)
bones/1/enabled = true
bones/1/position = Vector3(0, 0.200965, -0.0168161)
bones/1/rotation = Quaternion(0.0470222, 0.0448331, 0.00221648, 0.997885)
bones/1/scale = Vector3(1, 1, 1)
bones/2/name = "mixamorig_Spine1"
bones/2/parent = 1
bones/2/rest = Transform3D(1, 1.32125e-14, 3.53167e-16, -1.32125e-14, 1, 1.41561e-07, -3.53165e-16, -1.41561e-07, 1, 1.77636e-15, 0.235279, -1.49012e-08)
bones/2/enabled = true
bones/2/position = Vector3(1.77636e-15, 0.235279, -1.49012e-08)
bones/2/rotation = Quaternion(0.0104012, 0.00672629, -0.00352265, 0.999917)
bones/2/scale = Vector3(1, 1, 1)
bones/3/name = "mixamorig_Spine2"
bones/3/parent = 2
bones/3/rest = Transform3D(1, -2.52305e-14, -6.74408e-16, 2.52305e-14, 1, 1.11759e-07, 6.74405e-16, -1.11759e-07, 1, -1.50489e-15, 0.26889, 7.45058e-09)
bones/3/enabled = true
bones/3/position = Vector3(-1.50489e-15, 0.26889, 7.45058e-09)
bones/3/rotation = Quaternion(0.0233211, 0.00656431, -0.00367903, 0.9997)
bones/3/scale = Vector3(1, 1, 1)
bones/4/name = "mixamorig_Neck"
bones/4/parent = 3
bones/4/rest = Transform3D(1, 1.20029e-14, -3.21237e-16, -1.19879e-14, 0.996517, -0.0833854, -6.80748e-16, 0.0833854, 0.996517, 2.11338e-15, 0.302501, 7.45058e-09)
bones/4/enabled = true
bones/4/position = Vector3(2.11338e-15, 0.302501, 7.45058e-09)
bones/4/rotation = Quaternion(0.0453069, 0.0262922, -0.040569, 0.997803)
bones/4/scale = Vector3(1, 1, 1)
bones/5/name = "mixamorig_Head"
bones/5/parent = 4
bones/5/rest = Transform3D(1, 1.02795e-22, 2.64698e-23, -1.02795e-22, 1, 1.44311e-08, -2.64698e-23, -1.44311e-08, 1, -3.59033e-17, 0.118553, 0.00361877)
bones/5/enabled = true
bones/5/position = Vector3(-3.59033e-17, 0.118553, 0.00361877)
bones/5/rotation = Quaternion(-0.00667367, 0.0939017, -0.0835263, 0.992049)
bones/5/scale = Vector3(1, 1, 1)
bones/6/name = "mixamorig_HeadTop_End"
bones/6/parent = 5
bones/6/rest = Transform3D(1, 2.56457e-30, 2.4459e-29, -2.56457e-30, 1, 0, -2.4459e-29, 0, 1, -4.03433e-17, 0.403161, 0.0123063)
bones/6/enabled = true
bones/6/position = Vector3(1.61221e-06, 0.184747, 0.066364)
bones/6/rotation = Quaternion(0, 1.22295e-29, -1.28228e-30, 1)
bones/6/scale = Vector3(1, 1, 1)
bones/7/name = "mixamorig_LeftShoulder"
bones/7/parent = 3
bones/7/rest = Transform3D(-0.023036, 0.960396, -0.277687, 0.00010398, -0.277758, -0.960651, -0.999735, -0.0221584, 0.00629857, 0.106363, 0.272105, -0.00242263)
bones/7/enabled = true
bones/7/position = Vector3(0.106363, 0.272105, -0.00242263)
bones/7/rotation = Quaternion(-0.511483, -0.559399, 0.560736, -0.333217)
bones/7/scale = Vector3(1, 1, 1)
bones/8/name = "mixamorig_LeftArm"
bones/8/parent = 7
bones/8/rest = Transform3D(0.985268, 0.167741, -0.0333316, -0.17102, 0.966374, -0.192027, 9.12696e-08, 0.194898, 0.980824, 4.65661e-09, 0.22295, 1.9744e-07)
bones/8/enabled = true
bones/8/position = Vector3(4.65661e-09, 0.22295, 1.9744e-07)
bones/8/rotation = Quaternion(0.417257, -0.0384929, 0.330173, 0.845814)
bones/8/scale = Vector3(1, 1, 1)
bones/9/name = "mixamorig_LeftForeArm"
bones/9/parent = 8
bones/9/rest = Transform3D(0.857096, -0.383015, 0.344507, 0.407991, 0.912986, -7.91058e-07, -0.31453, 0.140557, 0.938784, 6.70552e-08, 0.408292, 7.17118e-08)
bones/9/enabled = true
bones/9/position = Vector3(-2.26308e-08, 0.274047, 5.86101e-08)
bones/9/rotation = Quaternion(5.76489e-07, 3.81842e-07, 0.899582, 0.436751)
bones/9/scale = Vector3(1, 1, 1)
bones/10/name = "mixamorig_LeftHand"
bones/10/parent = 9
bones/10/rest = Transform3D(0.954144, 0.0834895, -0.287471, -0.116815, 0.988028, -0.100771, 0.275616, 0.129731, 0.952474, 4.47035e-08, 0.484014, -2.19792e-07)
bones/10/enabled = true
bones/10/position = Vector3(4.47035e-08, 0.484014, -2.19792e-07)
bones/10/rotation = Quaternion(-0.159001, 0.114005, 0.0568086, 0.979027)
bones/10/scale = Vector3(1, 1, 1)
bones/11/name = "mixamorig_LeftHandThumb1"
bones/11/parent = 10
bones/11/rest = Transform3D(0.843626, -0.53542, 0.0402533, 0.536931, 0.841252, -0.0632477, 8.88482e-07, 0.0749707, 0.997186, -0.0580088, 0.0577425, 0.00600387)
bones/11/enabled = true
bones/11/position = Vector3(-0.0580088, 0.0577425, 0.00600387)
bones/11/rotation = Quaternion(0.138113, -0.0879274, 0.126907, 0.978309)
bones/11/scale = Vector3(1, 1, 1)
bones/12/name = "mixamorig_LeftHandThumb2"
bones/12/parent = 11
bones/12/rest = Transform3D(1, 1.11278e-07, 1.72159e-06, -9.73382e-08, 0.999967, -0.00809494, -1.72244e-06, 0.00809494, 0.999967, -0.0143467, 0.0640686, 4.46104e-07)
bones/12/enabled = true
bones/12/position = Vector3(-0.0143467, 0.0640686, 4.46104e-07)
bones/12/rotation = Quaternion(0.0268823, 0.0591352, -0.17093, 0.98314)
bones/12/scale = Vector3(1, 1, 1)
bones/13/name = "mixamorig_LeftHandThumb3"
bones/13/parent = 12
bones/13/rest = Transform3D(1, 4.3849e-07, -8.64379e-07, -4.70481e-07, 0.999302, -0.0373649, 8.47392e-07, 0.0373649, 0.999302, 0.00350933, 0.0702583, 7.35745e-08)
bones/13/enabled = true
bones/13/position = Vector3(0.00350933, 0.0702583, 7.35745e-08)
bones/13/rotation = Quaternion(-0.0542095, -0.086977, -0.238266, 0.965777)
bones/13/scale = Vector3(1, 1, 1)
bones/14/name = "mixamorig_LeftHandThumb4"
bones/14/parent = 13
bones/14/rest = Transform3D(1, -5.43892e-07, -5.02911e-08, 5.43892e-07, 1, -1.26101e-06, 5.02918e-08, 1.26101e-06, 1, 0.0108378, 0.0642158, 6.22123e-07)
bones/14/enabled = true
bones/14/position = Vector3(-1.49012e-07, 0.0345908, -1.69564e-10)
bones/14/rotation = Quaternion(0.00914702, 0.125638, 0.0720726, 0.989412)
bones/14/scale = Vector3(1, 1, 1)
bones/15/name = "mixamorig_LeftHandIndex1"
bones/15/parent = 10
bones/15/rest = Transform3D(0.998367, -0.0566696, 0.00724129, 0.0571304, 0.990315, -0.126536, -3.89526e-07, 0.126743, 0.991935, -0.0608651, 0.167841, -0.00330024)
bones/15/enabled = true
bones/15/position = Vector3(-0.0608651, 0.167841, -0.00330024)
bones/15/rotation = Quaternion(0.602548, -7.41333e-07, -0.0727157, 0.794763)
bones/15/scale = Vector3(1, 1, 1)
bones/16/name = "mixamorig_LeftHandIndex2"
bones/16/parent = 15
bones/16/rest = Transform3D(1, -4.29027e-07, 6.50421e-07, 4.87395e-07, 0.995706, -0.0925716, -6.07913e-07, 0.0925716, 0.995706, 1.78367e-05, 0.0653767, 2.74507e-07)
bones/16/enabled = true
bones/16/position = Vector3(1.78367e-05, 0.0653767, 2.74507e-07)
bones/16/rotation = Quaternion(0.765771, -1.25263e-06, -0.0924132, 0.636439)
bones/16/scale = Vector3(1, 1, 1)
bones/17/name = "mixamorig_LeftHandIndex3"
bones/17/parent = 16
bones/17/rest = Transform3D(1, -7.62727e-08, 4.67591e-07, 8.764e-08, 0.999703, -0.0243587, -4.65594e-07, 0.0243587, 0.999703, -6.25849e-06, 0.060225, 1.06636e-07)
bones/17/enabled = true
bones/17/position = Vector3(-6.25849e-06, 0.060225, 1.06636e-07)
bones/17/rotation = Quaternion(0.360205, -6.60657e-07, -0.0434695, 0.93186)
bones/17/scale = Vector3(1, 1, 1)
bones/18/name = "mixamorig_LeftHandIndex4"
bones/18/parent = 17
bones/18/rest = Transform3D(1, 2.79398e-07, -1.16508e-06, -2.79396e-07, 1, 1.54367e-06, 1.16508e-06, -1.54367e-06, 1, -1.1459e-05, 0.058416, -4.84288e-08)
bones/18/enabled = true
bones/18/position = Vector3(-1.1459e-05, 0.058416, -4.84288e-08)
bones/18/rotation = Quaternion(3.79802e-06, 0.00400146, 2.27717e-05, 0.999992)
bones/18/scale = Vector3(1, 1, 1)
bones/19/name = "mixamorig_LeftHandMiddle1"
bones/19/parent = 10
bones/19/rest = Transform3D(0.996815, 0.0788736, -0.0117591, -0.0797454, 0.985917, -0.146996, -5.92787e-07, 0.147466, 0.989067, -0.0171429, 0.180823, -0.00264514)
bones/19/enabled = true
bones/19/position = Vector3(-0.0171429, 0.180823, -0.00264514)
bones/19/rotation = Quaternion(0.600896, 0.000405399, -0.073054, 0.795982)
bones/19/scale = Vector3(1, 1, 1)
bones/20/name = "mixamorig_LeftHandMiddle2"
bones/20/parent = 19
bones/20/rest = Transform3D(1, -1.71805e-07, 7.20673e-07, 2.02587e-07, 0.999078, -0.0429322, -7.12632e-07, 0.0429322, 0.999078, -3.75956e-05, 0.0636736, 3.00352e-08)
bones/20/enabled = true
bones/20/position = Vector3(-3.75956e-05, 0.0636736, 3.00352e-08)
bones/20/rotation = Quaternion(0.746329, -9.08505e-07, -0.0900668, 0.659455)
bones/20/scale = Vector3(1, 1, 1)
bones/21/name = "mixamorig_LeftHandMiddle3"
bones/21/parent = 20
bones/21/rest = Transform3D(1, 2.32953e-08, -1.35505e-07, -2.32709e-08, 1, 0.000180227, 1.3551e-07, -0.000180227, 1, 1.95317e-05, 0.0584287, -2.74507e-07)
bones/21/enabled = true
bones/21/position = Vector3(1.95317e-05, 0.0584287, -2.74507e-07)
bones/21/rotation = Quaternion(0.322545, -7.87301e-07, -0.0389249, 0.945754)
bones/21/scale = Vector3(1, 1, 1)
bones/22/name = "mixamorig_LeftHandMiddle4"
bones/22/parent = 21
bones/22/rest = Transform3D(1, 2.72878e-07, -3.07336e-08, -2.72878e-07, 1, 7.26432e-08, 3.07337e-08, -7.26431e-08, 1, 1.80416e-05, 0.0548446, 1.851e-07)
bones/22/enabled = true
bones/22/position = Vector3(1.80416e-05, 0.0548446, 1.851e-07)
bones/22/rotation = Quaternion(-2.36367e-07, 0.00457946, -0.000654129, 0.999989)
bones/22/scale = Vector3(1, 1, 1)
bones/23/name = "mixamorig_LeftHandRing1"
bones/23/parent = 10
bones/23/rest = Transform3D(0.988546, 0.150733, -0.00757423, -0.150923, 0.987299, -0.0496193, -1.23144e-06, 0.0501941, 0.998739, 0.0219889, 0.176563, -0.00313638)
bones/23/enabled = true
bones/23/position = Vector3(0.0219889, 0.176563, -0.00313638)
bones/23/rotation = Quaternion(0.62697, 0.000546079, -0.0763391, 0.775294)
bones/23/scale = Vector3(1, 1, 1)
bones/24/name = "mixamorig_LeftHandRing2"
bones/24/parent = 23
bones/24/rest = Transform3D(1, 6.35979e-08, -7.03756e-08, -7.34593e-08, 0.988624, -0.150406, 6.00095e-08, 0.150406, 0.988624, -0.000240013, 0.0643531, 2.2212e-07)
bones/24/enabled = true
bones/24/position = Vector3(-0.000240013, 0.0643531, 2.2212e-07)
bones/24/rotation = Quaternion(0.759859, -9.77889e-07, -0.0916997, 0.643588)
bones/24/scale = Vector3(1, 1, 1)
bones/25/name = "mixamorig_LeftHandRing3"
bones/25/parent = 24
bones/25/rest = Transform3D(1, -2.16261e-07, -5.2338e-07, 1.99632e-07, 0.999502, -0.0315665, 5.29946e-07, 0.0315665, 0.999502, 9.04407e-05, 0.0594026, -2.54717e-07)
bones/25/enabled = true
bones/25/position = Vector3(9.04407e-05, 0.0594026, -2.54717e-07)
bones/25/rotation = Quaternion(0.449077, -1.062e-06, -0.0541947, 0.891848)
bones/25/scale = Vector3(1, 1, 1)
bones/26/name = "mixamorig_LeftHandRing4"
bones/26/parent = 25
bones/26/rest = Transform3D(1, 2.6566e-07, 4.6566e-09, -2.6566e-07, 1, -8.5166e-08, -4.65662e-09, 8.5166e-08, 1, 0.000149533, 0.0570673, 3.84636e-07)
bones/26/enabled = true
bones/26/position = Vector3(0.000149533, 0.0570673, 3.84636e-07)
bones/26/rotation = Quaternion(1.05824e-05, 0.00739619, 0.000770576, 0.999972)
bones/26/scale = Vector3(1, 1, 1)
bones/27/name = "mixamorig_LeftHandPinky1"
bones/27/parent = 10
bones/27/rest = Transform3D(0.959037, 0.282174, -0.0250253, -0.283282, 0.955287, -0.0847256, -1.05612e-06, 0.0883441, 0.99609, 0.0560189, 0.157453, -0.00224392)
bones/27/enabled = true
bones/27/position = Vector3(0.0560189, 0.157453, -0.00224392)
bones/27/rotation = Quaternion(0.636725, 0.00461414, -0.0823972, 0.766662)
bones/27/scale = Vector3(1, 1, 1)
bones/28/name = "mixamorig_LeftHandPinky2"
bones/28/parent = 27
bones/28/rest = Transform3D(1, 2.55108e-07, 1.69712e-07, -2.32905e-07, 0.992778, -0.119967, -1.99091e-07, 0.119967, 0.992778, -0.000446297, 0.0759338, 1.29919e-07)
bones/28/enabled = true
bones/28/position = Vector3(-0.000446297, 0.0759338, 1.29919e-07)
bones/28/rotation = Quaternion(0.746659, 0.0267227, -0.0663375, 0.661351)
bones/28/scale = Vector3(1, 1, 1)
bones/29/name = "mixamorig_LeftHandPinky3"
bones/29/parent = 28
bones/29/rest = Transform3D(1, -8.06851e-08, 3.62008e-07, 1.1303e-07, 0.995918, -0.0902584, -3.53248e-07, 0.0902584, 0.995918, 7.39917e-05, 0.0596397, 2.79397e-09)
bones/29/enabled = true
bones/29/position = Vector3(7.39917e-05, 0.0596397, 2.79397e-09)
bones/29/rotation = Quaternion(0.413067, -6.00005e-07, -0.049849, 0.909335)
bones/29/scale = Vector3(1, 1, 1)
bones/30/name = "mixamorig_LeftHandPinky4"
bones/30/parent = 29
bones/30/rest = Transform3D(1, 1.24796e-07, -1.11572e-06, -1.24799e-07, 1, -2.96161e-06, 1.11572e-06, 2.96161e-06, 1, 0.000372365, 0.0561556, -3.44589e-08)
bones/30/enabled = true
bones/30/position = Vector3(0.000372365, 0.0561556, -3.44589e-08)
bones/30/rotation = Quaternion(-3.74981e-06, 0.00409965, -0.000575281, 0.999991)
bones/30/scale = Vector3(1, 1, 1)
bones/31/name = "Ctrl_Thumb1_Left"
bones/31/parent = 10
bones/31/rest = Transform3D(0.843626, -0.53542, 0.0402533, 0.536931, 0.841252, -0.0632477, 8.88482e-07, 0.0749707, 0.997186, -0.0580088, 0.0577425, 0.00600387)
bones/31/enabled = true
bones/31/position = Vector3(-0.0580088, 0.0577425, 0.00600387)
bones/31/rotation = Quaternion(0.138113, -0.0879274, 0.126907, 0.978309)
bones/31/scale = Vector3(1, 1, 1)
bones/32/name = "Ctrl_Thumb2_Left"
bones/32/parent = 31
bones/32/rest = Transform3D(1, 1.11278e-07, 1.72159e-06, -9.73382e-08, 0.999967, -0.00809494, -1.72244e-06, 0.00809494, 0.999967, -0.0143467, 0.0640686, 4.46104e-07)
bones/32/enabled = true
bones/32/position = Vector3(-0.0143467, 0.0640686, 4.46104e-07)
bones/32/rotation = Quaternion(0.0268823, 0.0591352, -0.17093, 0.98314)
bones/32/scale = Vector3(1, 1, 1)
bones/33/name = "Ctrl_Thumb3_Left"
bones/33/parent = 32
bones/33/rest = Transform3D(1, 4.3849e-07, -8.64379e-07, -4.70481e-07, 0.999302, -0.0373649, 8.47392e-07, 0.0373649, 0.999302, 0.00350933, 0.0702583, 7.35745e-08)
bones/33/enabled = true
bones/33/position = Vector3(0.00350933, 0.0702583, 7.35745e-08)
bones/33/rotation = Quaternion(-0.0542095, -0.086977, -0.238266, 0.965777)
bones/33/scale = Vector3(1, 1, 1)
bones/34/name = "Ctrl_Index1_Left"
bones/34/parent = 10
bones/34/rest = Transform3D(0.998367, -0.0566696, 0.00724129, 0.0571304, 0.990315, -0.126536, -3.89526e-07, 0.126743, 0.991935, -0.0608651, 0.167841, -0.00330024)
bones/34/enabled = true
bones/34/position = Vector3(-0.0608651, 0.167841, -0.00330024)
bones/34/rotation = Quaternion(0.602548, -7.41333e-07, -0.0727157, 0.794763)
bones/34/scale = Vector3(1, 1, 1)
bones/35/name = "Ctrl_Index2_Left"
bones/35/parent = 34
bones/35/rest = Transform3D(1, -4.29027e-07, 6.50421e-07, 4.87395e-07, 0.995706, -0.0925716, -6.07913e-07, 0.0925716, 0.995706, 1.78367e-05, 0.0653767, 2.74507e-07)
bones/35/enabled = true
bones/35/position = Vector3(1.78367e-05, 0.0653767, 2.74507e-07)
bones/35/rotation = Quaternion(0.765771, -1.25263e-06, -0.0924132, 0.636439)
bones/35/scale = Vector3(1, 1, 1)
bones/36/name = "Ctrl_Index3_Left"
bones/36/parent = 35
bones/36/rest = Transform3D(1, -7.62727e-08, 4.67591e-07, 8.764e-08, 0.999703, -0.0243587, -4.65594e-07, 0.0243587, 0.999703, -6.25849e-06, 0.060225, 1.06636e-07)
bones/36/enabled = true
bones/36/position = Vector3(-6.25849e-06, 0.060225, 1.06636e-07)
bones/36/rotation = Quaternion(0.360205, -6.60657e-07, -0.0434695, 0.93186)
bones/36/scale = Vector3(1, 1, 1)
bones/37/name = "Ctrl_Middle1_Left"
bones/37/parent = 10
bones/37/rest = Transform3D(0.996815, 0.0788736, -0.0117591, -0.0797454, 0.985917, -0.146996, -5.92787e-07, 0.147466, 0.989067, -0.0171429, 0.180823, -0.00264514)
bones/37/enabled = true
bones/37/position = Vector3(-0.0171429, 0.180823, -0.00264514)
bones/37/rotation = Quaternion(0.600896, 0.000405399, -0.073054, 0.795982)
bones/37/scale = Vector3(1, 1, 1)
bones/38/name = "Ctrl_Middle2_Left"
bones/38/parent = 37
bones/38/rest = Transform3D(1, -1.71805e-07, 7.20673e-07, 2.02587e-07, 0.999078, -0.0429322, -7.12632e-07, 0.0429322, 0.999078, -3.75956e-05, 0.0636736, 3.00352e-08)
bones/38/enabled = true
bones/38/position = Vector3(-3.75956e-05, 0.0636736, 3.00352e-08)
bones/38/rotation = Quaternion(0.746329, -9.08505e-07, -0.0900668, 0.659455)
bones/38/scale = Vector3(1, 1, 1)
bones/39/name = "Ctrl_Middle3_Left"
bones/39/parent = 38
bones/39/rest = Transform3D(1, 2.32953e-08, -1.35505e-07, -2.32709e-08, 1, 0.000180227, 1.3551e-07, -0.000180227, 1, 1.95317e-05, 0.0584287, -2.74507e-07)
bones/39/enabled = true
bones/39/position = Vector3(1.95317e-05, 0.0584287, -2.74507e-07)
bones/39/rotation = Quaternion(0.322545, -7.87301e-07, -0.0389249, 0.945754)
bones/39/scale = Vector3(1, 1, 1)
bones/40/name = "Ctrl_Ring1_Left"
bones/40/parent = 10
bones/40/rest = Transform3D(0.988546, 0.150733, -0.00757423, -0.150923, 0.987299, -0.0496193, -1.23144e-06, 0.0501941, 0.998739, 0.0219889, 0.176563, -0.00313638)
bones/40/enabled = true
bones/40/position = Vector3(0.0219889, 0.176563, -0.00313638)
bones/40/rotation = Quaternion(0.62697, 0.000546079, -0.0763391, 0.775294)
bones/40/scale = Vector3(1, 1, 1)
bones/41/name = "Ctrl_Ring2_Left"
bones/41/parent = 40
bones/41/rest = Transform3D(1, 6.35979e-08, -7.03756e-08, -7.34593e-08, 0.988624, -0.150406, 6.00095e-08, 0.150406, 0.988624, -0.000240013, 0.0643531, 2.2212e-07)
bones/41/enabled = true
bones/41/position = Vector3(-0.000240013, 0.0643531, 2.2212e-07)
bones/41/rotation = Quaternion(0.759859, -9.77889e-07, -0.0916997, 0.643588)
bones/41/scale = Vector3(1, 1, 1)
bones/42/name = "Ctrl_Ring3_Left"
bones/42/parent = 41
bones/42/rest = Transform3D(1, -2.16261e-07, -5.2338e-07, 1.99632e-07, 0.999502, -0.0315665, 5.29946e-07, 0.0315665, 0.999502, 9.04407e-05, 0.0594026, -2.54717e-07)
bones/42/enabled = true
bones/42/position = Vector3(9.04407e-05, 0.0594026, -2.54717e-07)
bones/42/rotation = Quaternion(0.449077, -1.062e-06, -0.0541947, 0.891848)
bones/42/scale = Vector3(1, 1, 1)
bones/43/name = "Ctrl_Pinky1_Left"
bones/43/parent = 10
bones/43/rest = Transform3D(0.959037, 0.282174, -0.0250253, -0.283282, 0.955287, -0.0847256, -1.05612e-06, 0.0883441, 0.99609, 0.0560189, 0.157453, -0.00224392)
bones/43/enabled = true
bones/43/position = Vector3(0.0560189, 0.157453, -0.00224392)
bones/43/rotation = Quaternion(0.636725, 0.00461414, -0.0823972, 0.766662)
bones/43/scale = Vector3(1, 1, 1)
bones/44/name = "Ctrl_Pinky2_Left"
bones/44/parent = 43
bones/44/rest = Transform3D(1, 2.55108e-07, 1.69712e-07, -2.32905e-07, 0.992778, -0.119967, -1.99091e-07, 0.119967, 0.992778, -0.000446297, 0.0759338, 1.29919e-07)
bones/44/enabled = true
bones/44/position = Vector3(-0.000446297, 0.0759338, 1.29919e-07)
bones/44/rotation = Quaternion(0.746659, 0.0267227, -0.0663375, 0.661351)
bones/44/scale = Vector3(1, 1, 1)
bones/45/name = "Ctrl_Pinky3_Left"
bones/45/parent = 44
bones/45/rest = Transform3D(1, -8.06851e-08, 3.62008e-07, 1.1303e-07, 0.995918, -0.0902584, -3.53248e-07, 0.0902584, 0.995918, 7.39917e-05, 0.0596397, 2.79397e-09)
bones/45/enabled = true
bones/45/position = Vector3(7.39917e-05, 0.0596397, 2.79397e-09)
bones/45/rotation = Quaternion(0.413067, -6.00005e-07, -0.049849, 0.909335)
bones/45/scale = Vector3(1, 1, 1)
bones/46/name = "mixamorig_RightShoulder"
bones/46/parent = 3
bones/46/rest = Transform3D(-0.0252763, -0.960395, 0.277493, -9.87053e-05, -0.277579, -0.960703, 0.999681, -0.0243104, 0.00692138, -0.106363, 0.272125, -0.00266247)
bones/46/enabled = true
bones/46/position = Vector3(-0.106363, 0.272125, -0.00266247)
bones/46/rotation = Quaternion(0.481293, -0.573839, 0.478928, 0.457924)
bones/46/scale = Vector3(1, 1, 1)
bones/47/name = "mixamorig_RightArm"
bones/47/parent = 46
bones/47/rest = Transform3D(0.986201, -0.162363, 0.0323462, 0.165554, 0.967194, -0.192685, -1.39698e-07, 0.195381, 0.980727, -4.65661e-09, 0.22295, 4.74975e-08)
bones/47/enabled = true
bones/47/position = Vector3(-4.65661e-09, 0.22295, 4.74975e-08)
bones/47/rotation = Quaternion(0.438182, -0.0622599, -0.547764, 0.709982)
bones/47/scale = Vector3(1, 1, 1)
bones/48/name = "mixamorig_RightForeArm"
bones/48/parent = 47
bones/48/rest = Transform3D(0.857968, 0.379146, -0.346612, -0.404203, 0.914669, -7.12401e-07, 0.317035, 0.140102, 0.938009, 7.45058e-09, 0.40808, -7.63685e-08)
bones/48/enabled = true
bones/48/position = Vector3(7.45058e-09, 0.40808, -7.63685e-08)
bones/48/rotation = Quaternion(2.10479e-07, -3.1665e-07, -0.829616, 0.558334)
bones/48/scale = Vector3(1, 1, 1)
bones/49/name = "mixamorig_RightHand"
bones/49/parent = 48
bones/49/rest = Transform3D(0.955824, -0.0909189, 0.279526, 0.123501, 0.987169, -0.101218, -0.266736, 0.131268, 0.954788, 5.96046e-08, 0.483914, 9.68575e-08)
bones/49/enabled = true
bones/49/position = Vector3(5.96046e-08, 0.483914, 9.68575e-08)
bones/49/rotation = Quaternion(-0.13797, 0.0894389, -0.187605, 0.968385)
bones/49/scale = Vector3(1, 1, 1)
bones/50/name = "mixamorig_RightHandThumb1"
bones/50/parent = 49
bones/50/rest = Transform3D(0.840543, 0.540611, -0.0350402, -0.541745, 0.838783, -0.0543685, -1.11386e-06, 0.0646819, 0.997906, 0.0576432, 0.0555817, 0.0050523)
bones/50/enabled = true
bones/50/position = Vector3(0.0576432, 0.0555817, 0.0050523)
bones/50/rotation = Quaternion(0.333188, 0.091206, -0.152722, 0.925928)
bones/50/scale = Vector3(1, 1, 1)
bones/51/name = "mixamorig_RightHandThumb2"
bones/51/parent = 50
bones/51/rest = Transform3D(1, 1.97441e-06, -1.22607e-06, -2.0042e-06, 0.999693, -0.024796, 1.17674e-06, 0.024796, 0.999693, 0.0146722, 0.0624883, 8.47504e-08)
bones/51/enabled = true
bones/51/position = Vector3(0.0146722, 0.0624883, 8.47504e-08)
bones/51/rotation = Quaternion(0.0830031, -0.17539, 0.383268, 0.903025)
bones/51/scale = Vector3(1, 1, 1)
bones/52/name = "mixamorig_RightHandThumb3"
bones/52/parent = 51
bones/52/rest = Transform3D(1, -5.40547e-07, 1.24874e-07, 5.47237e-07, 0.998084, -0.0618654, -9.11932e-08, 0.0618654, 0.998084, -0.00326058, 0.0712719, -4.76837e-07)
bones/52/enabled = true
bones/52/position = Vector3(-0.00326058, 0.0712719, -4.76837e-07)
bones/52/rotation = Quaternion(0.0253174, -0.0776474, 0.375924, 0.923044)
bones/52/scale = Vector3(1, 1, 1)
bones/53/name = "mixamorig_RightHandThumb4"
bones/53/parent = 52
bones/53/rest = Transform3D(1, -2.98023e-07, -6.51926e-08, 2.98023e-07, 1, -2.04891e-08, 6.51926e-08, 2.04891e-08, 1, -0.0114116, 0.0673158, 1.91852e-07)
bones/53/enabled = true
bones/53/position = Vector3(8.28877e-08, 0.0345907, -2.63488e-07)
bones/53/rotation = Quaternion(0.00923217, -0.127131, -0.0723281, 0.989202)
bones/53/scale = Vector3(1, 1, 1)
bones/54/name = "mixamorig_RightHandIndex1"
bones/54/parent = 49
bones/54/rest = Transform3D(0.996613, 0.0821131, -0.00439784, -0.0822308, 0.995187, -0.053294, 5.3714e-07, 0.0534752, 0.998569, 0.0596945, 0.160372, -0.000977143)
bones/54/enabled = true
bones/54/position = Vector3(0.0596945, 0.160372, -0.000977143)
bones/54/rotation = Quaternion(0.731293, 1.39233e-07, 0.0891254, 0.676215)
bones/54/scale = Vector3(1, 1, 1)
bones/55/name = "mixamorig_RightHandIndex2"
bones/55/parent = 54
bones/55/rest = Transform3D(1, 3.80027e-07, 1.46929e-07, -3.5013e-07, 0.985938, -0.167113, -2.0837e-07, 0.167113, 0.985938, -0.000154391, 0.0666051, -5.82077e-10)
bones/55/enabled = true
bones/55/position = Vector3(-0.000154391, 0.0666051, -5.82077e-10)
bones/55/rotation = Quaternion(0.771661, 8.10251e-08, 0.0940454, 0.629043)
bones/55/scale = Vector3(1, 1, 1)
bones/56/name = "mixamorig_RightHandIndex3"
bones/56/parent = 55
bones/56/rest = Transform3D(1, -7.46139e-08, -4.81506e-07, 4.45955e-08, 0.998073, -0.0620442, 4.85207e-07, 0.0620442, 0.998073, 4.37051e-05, 0.0635336, 1.16415e-07)
bones/56/enabled = true
bones/56/position = Vector3(4.37051e-05, 0.0635336, 1.16415e-07)
bones/56/rotation = Quaternion(0.771663, -3.37605e-07, 0.0940453, 0.62904)
bones/56/scale = Vector3(1, 1, 1)
bones/57/name = "mixamorig_RightHandIndex4"
bones/57/parent = 56
bones/57/rest = Transform3D(1, -9.0152e-07, 1.52923e-06, 9.01521e-07, 1, -5.92786e-07, -1.52923e-06, 5.92788e-07, 1, 0.000110805, 0.0614715, -3.09199e-07)
bones/57/enabled = true
bones/57/position = Vector3(0.000110805, 0.0614715, -3.09199e-07)
bones/57/rotation = Quaternion(-7.59745e-05, -0.00670926, 0.00137472, 0.999977)
bones/57/scale = Vector3(1, 1, 1)
bones/58/name = "mixamorig_RightHandMiddle1"
bones/58/parent = 49
bones/58/rest = Transform3D(0.997171, -0.0742794, 0.0115132, 0.0751663, 0.985403, -0.152745, 6.31437e-07, 0.153178, 0.988199, 0.0183857, 0.179432, -0.0030296)
bones/58/enabled = true
bones/58/position = Vector3(0.0183857, 0.179432, -0.0030296)
bones/58/rotation = Quaternion(0.726738, -0.000199666, 0.0887577, 0.681156)
bones/58/scale = Vector3(1, 1, 1)
bones/59/name = "mixamorig_RightHandMiddle2"
bones/59/parent = 58
bones/59/rest = Transform3D(1, -1.51294e-07, 2.97968e-07, 1.6163e-07, 0.999387, -0.0349998, -2.9249e-07, 0.0349998, 0.999387, 1.79522e-05, 0.0638357, 1.03028e-07)
bones/59/enabled = true
bones/59/position = Vector3(1.79522e-05, 0.0638357, 1.03028e-07)
bones/59/rotation = Quaternion(0.722263, -5.14556e-08, 0.088025, 0.685994)
bones/59/scale = Vector3(1, 1, 1)
bones/60/name = "mixamorig_RightHandMiddle3"
bones/60/parent = 59
bones/60/rest = Transform3D(1, 8.78413e-07, -4.21461e-07, -8.76199e-07, 0.999986, 0.00522307, 4.26043e-07, -0.00522307, 0.999986, -1.14404e-05, 0.0593438, -4.51691e-08)
bones/60/enabled = true
bones/60/position = Vector3(-1.14404e-05, 0.0593438, -4.51691e-08)
bones/60/rotation = Quaternion(0.718069, -0.00368324, 0.0836318, 0.690919)
bones/60/scale = Vector3(1, 1, 1)
bones/61/name = "mixamorig_RightHandMiddle4"
bones/61/parent = 60
bones/61/rest = Transform3D(1, -7.62753e-07, -2.04191e-07, 7.62753e-07, 1, -2.63199e-06, 2.04193e-07, 2.63199e-06, 1, -6.53416e-06, 0.0561141, -4.36557e-08)
bones/61/enabled = true
bones/61/position = Vector3(-6.53416e-06, 0.0561141, -4.36557e-08)
bones/61/rotation = Quaternion(-5.19388e-05, -0.00669537, -0.00170833, 0.999976)
bones/61/scale = Vector3(1, 1, 1)
bones/62/name = "mixamorig_RightHandRing1"
bones/62/parent = 49
bones/62/rest = Transform3D(0.987115, -0.159066, 0.017375, 0.160012, 0.981278, -0.10719, 5.52274e-07, 0.108589, 0.994087, -0.0208066, 0.181555, -0.00488433)
bones/62/enabled = true
bones/62/position = Vector3(-0.0208066, 0.181555, -0.00488433)
bones/62/rotation = Quaternion(0.742637, -0.000344043, 0.0908155, 0.663508)
bones/62/scale = Vector3(1, 1, 1)
bones/63/name = "mixamorig_RightHandRing2"
bones/63/parent = 62
bones/63/rest = Transform3D(1, 4.12707e-08, 1.41737e-07, -2.89278e-08, 0.996295, -0.0860043, -1.44761e-07, 0.0860043, 0.996295, 0.000129852, 0.0640412, -5.98375e-08)
bones/63/enabled = true
bones/63/position = Vector3(0.000129852, 0.0640412, -5.98375e-08)
bones/63/rotation = Quaternion(0.747781, -6.47269e-08, 0.091135, 0.657661)
bones/63/scale = Vector3(1, 1, 1)
bones/64/name = "mixamorig_RightHandRing3"
bones/64/parent = 63
bones/64/rest = Transform3D(1, 3.6046e-08, 6.11821e-07, -1.26157e-08, 0.999268, -0.0382529, -6.12752e-07, 0.0382529, 0.999268, -3.34373e-05, 0.0583235, 3.79747e-07)
bones/64/enabled = true
bones/64/position = Vector3(-3.34373e-05, 0.0583235, 3.79747e-07)
bones/64/rotation = Quaternion(0.784294, -0.00278165, 0.0919781, 0.613527)
bones/64/scale = Vector3(1, 1, 1)
bones/65/name = "mixamorig_RightHandRing4"
bones/65/parent = 64
bones/65/rest = Transform3D(1, -1.97907e-09, -7.63044e-07, 1.97905e-09, 1, -3.59869e-08, 7.63044e-07, 3.59869e-08, 1, -9.63691e-05, 0.0556579, 1.5879e-07)
bones/65/enabled = true
bones/65/position = Vector3(-9.63691e-05, 0.0556579, 1.5879e-07)
bones/65/rotation = Quaternion(-6.09275e-05, -0.00761334, -0.000300397, 0.999971)
bones/65/scale = Vector3(1, 1, 1)
bones/66/name = "mixamorig_RightHandPinky1"
bones/66/parent = 49
bones/66/rest = Transform3D(0.965525, -0.258579, 0.0299785, 0.260311, 0.9591, -0.111197, 7.62753e-07, 0.115167, 0.993346, -0.0572735, 0.160829, -0.00254258)
bones/66/enabled = true
bones/66/position = Vector3(-0.0572735, 0.160829, -0.00254258)
bones/66/rotation = Quaternion(0.754089, 1.39174e-07, 0.0919035, 0.650311)
bones/66/scale = Vector3(1, 1, 1)
bones/67/name = "mixamorig_RightHandPinky2"
bones/67/parent = 66
bones/67/rest = Transform3D(1, -8.43602e-08, -3.09853e-07, 5.72008e-08, 0.996241, -0.086629, 3.15996e-07, 0.086629, 0.996241, 0.000295453, 0.0736752, -2.10945e-07)
bones/67/enabled = true
bones/67/position = Vector3(0.000295453, 0.0736752, -2.10945e-07)
bones/67/rotation = Quaternion(0.739775, 2.62167e-07, 0.0901595, 0.666787)
bones/67/scale = Vector3(1, 1, 1)
bones/68/name = "mixamorig_RightHandPinky3"
bones/68/parent = 67
bones/68/rest = Transform3D(1, 9.25109e-08, 9.90635e-07, -6.21341e-10, 0.995726, -0.0923591, -9.94945e-07, 0.0923591, 0.995726, -1.99229e-05, 0.0584802, -2.8545e-07)
bones/68/enabled = true
bones/68/position = Vector3(-1.99229e-05, 0.0584802, -2.8545e-07)
bones/68/rotation = Quaternion(0.811329, -2.71015e-07, 0.0988799, 0.576167)
bones/68/scale = Vector3(1, 1, 1)
bones/69/name = "mixamorig_RightHandPinky4"
bones/69/parent = 68
bones/69/rest = Transform3D(1, 1.15484e-07, -3.11062e-07, -1.15484e-07, 1, -4.2608e-08, 3.11062e-07, 4.2608e-08, 1, -0.000275448, 0.0554047, -2.02563e-07)
bones/69/enabled = true
bones/69/position = Vector3(-0.000275448, 0.0554047, -2.02563e-07)
bones/69/rotation = Quaternion(-8.31961e-05, -0.00849894, 0.00220613, 0.999961)
bones/69/scale = Vector3(1, 1, 1)
bones/70/name = "Ctrl_Thumb1_Right"
bones/70/parent = 49
bones/70/rest = Transform3D(0.840543, 0.540611, -0.0350402, -0.541745, 0.838783, -0.0543685, -1.11386e-06, 0.0646819, 0.997906, 0.0576432, 0.0555817, 0.0050523)
bones/70/enabled = true
bones/70/position = Vector3(0.0576432, 0.0555817, 0.0050523)
bones/70/rotation = Quaternion(0.333188, 0.091206, -0.152722, 0.925928)
bones/70/scale = Vector3(1, 1, 1)
bones/71/name = "Ctrl_Thumb2_Right"
bones/71/parent = 70
bones/71/rest = Transform3D(1, 1.97441e-06, -1.22607e-06, -2.0042e-06, 0.999693, -0.024796, 1.17674e-06, 0.024796, 0.999693, 0.0146722, 0.0624883, 8.47504e-08)
bones/71/enabled = true
bones/71/position = Vector3(0.0146722, 0.0624883, 8.47504e-08)
bones/71/rotation = Quaternion(0.0830031, -0.17539, 0.383268, 0.903025)
bones/71/scale = Vector3(1, 1, 1)
bones/72/name = "Ctrl_Thumb3_Right"
bones/72/parent = 71
bones/72/rest = Transform3D(1, -5.40547e-07, 1.24874e-07, 5.47237e-07, 0.998084, -0.0618654, -9.11932e-08, 0.0618654, 0.998084, -0.00326058, 0.0712719, -4.76837e-07)
bones/72/enabled = true
bones/72/position = Vector3(-0.00326058, 0.0712719, -4.76837e-07)
bones/72/rotation = Quaternion(0.0253174, -0.0776474, 0.375924, 0.923044)
bones/72/scale = Vector3(1, 1, 1)
bones/73/name = "Ctrl_Index1_Right"
bones/73/parent = 49
bones/73/rest = Transform3D(0.996613, 0.0821131, -0.00439784, -0.0822308, 0.995187, -0.053294, 5.3714e-07, 0.0534752, 0.998569, 0.0596945, 0.160372, -0.000977143)
bones/73/enabled = true
bones/73/position = Vector3(0.0596945, 0.160372, -0.000977143)
bones/73/rotation = Quaternion(0.731293, 1.39233e-07, 0.0891254, 0.676215)
bones/73/scale = Vector3(1, 1, 1)
bones/74/name = "Ctrl_Index2_Right"
bones/74/parent = 73
bones/74/rest = Transform3D(1, 3.80027e-07, 1.46929e-07, -3.5013e-07, 0.985938, -0.167113, -2.0837e-07, 0.167113, 0.985938, -0.000154391, 0.0666051, -5.82077e-10)
bones/74/enabled = true
bones/74/position = Vector3(-0.000154391, 0.0666051, -5.82077e-10)
bones/74/rotation = Quaternion(0.771661, 8.10251e-08, 0.0940454, 0.629043)
bones/74/scale = Vector3(1, 1, 1)
bones/75/name = "Ctrl_Index3_Right"
bones/75/parent = 74
bones/75/rest = Transform3D(1, -7.46139e-08, -4.81506e-07, 4.45955e-08, 0.998073, -0.0620442, 4.85207e-07, 0.0620442, 0.998073, 4.37051e-05, 0.0635336, 1.16415e-07)
bones/75/enabled = true
bones/75/position = Vector3(4.37051e-05, 0.0635336, 1.16415e-07)
bones/75/rotation = Quaternion(0.771663, -3.37605e-07, 0.0940453, 0.62904)
bones/75/scale = Vector3(1, 1, 1)
bones/76/name = "Ctrl_Middle1_Right"
bones/76/parent = 49
bones/76/rest = Transform3D(0.997171, -0.0742794, 0.0115132, 0.0751663, 0.985403, -0.152745, 6.31437e-07, 0.153178, 0.988199, 0.0183857, 0.179432, -0.0030296)
bones/76/enabled = true
bones/76/position = Vector3(0.0183857, 0.179432, -0.0030296)
bones/76/rotation = Quaternion(0.726738, -0.000199666, 0.0887577, 0.681156)
bones/76/scale = Vector3(1, 1, 1)
bones/77/name = "Ctrl_Middle2_Right"
bones/77/parent = 76
bones/77/rest = Transform3D(1, -1.51294e-07, 2.97968e-07, 1.6163e-07, 0.999387, -0.0349998, -2.9249e-07, 0.0349998, 0.999387, 1.79522e-05, 0.0638357, 1.03028e-07)
bones/77/enabled = true
bones/77/position = Vector3(1.79522e-05, 0.0638357, 1.03028e-07)
bones/77/rotation = Quaternion(0.722263, -5.14556e-08, 0.088025, 0.685994)
bones/77/scale = Vector3(1, 1, 1)
bones/78/name = "Ctrl_Middle3_Right"
bones/78/parent = 77
bones/78/rest = Transform3D(1, 8.78413e-07, -4.21461e-07, -8.76199e-07, 0.999986, 0.00522307, 4.26043e-07, -0.00522307, 0.999986, -1.14404e-05, 0.0593438, -4.51691e-08)
bones/78/enabled = true
bones/78/position = Vector3(-1.14404e-05, 0.0593438, -4.51691e-08)
bones/78/rotation = Quaternion(0.718069, -0.00368324, 0.0836318, 0.690919)
bones/78/scale = Vector3(1, 1, 1)
bones/79/name = "Ctrl_Ring1_Right"
bones/79/parent = 49
bones/79/rest = Transform3D(0.987115, -0.159066, 0.017375, 0.160012, 0.981278, -0.10719, 5.52274e-07, 0.108589, 0.994087, -0.0208066, 0.181555, -0.00488433)
bones/79/enabled = true
bones/79/position = Vector3(-0.0208066, 0.181555, -0.00488433)
bones/79/rotation = Quaternion(0.742637, -0.000344043, 0.0908155, 0.663508)
bones/79/scale = Vector3(1, 1, 1)
bones/80/name = "Ctrl_Ring2_Right"
bones/80/parent = 79
bones/80/rest = Transform3D(1, 4.12707e-08, 1.41737e-07, -2.89278e-08, 0.996295, -0.0860043, -1.44761e-07, 0.0860043, 0.996295, 0.000129852, 0.0640412, -5.98375e-08)
bones/80/enabled = true
bones/80/position = Vector3(0.000129852, 0.0640412, -5.98375e-08)
bones/80/rotation = Quaternion(0.747781, -6.47269e-08, 0.091135, 0.657661)
